sat:40248ECI:[-381.97712567355944, 6260.250339509817, -2339.3593595338257, -0.43881359213984744, -2.725663376380674, -7.208788782000847]jd_time:[2460277.103449074]
sat:40249ECI:[-972.8957167289852, 700.9339906876384, 7040.316703854684, -7.177366210905023, 1.719052369548206, -1.1627918766822698]jd_time:[2460277.103449074]
sat:40250ECI:[61.28481652142805, 1151.392780469856, -6705.89621897623, -3.669057764001497, -6.616266952103111, -1.1556585744521368]jd_time:[2460277.103449074]
sat:40251ECI:[4205.5779890564645, 3960.063631265161, -4290.770374439285, 2.890217893139993, 3.536333957642384, 5.902611049809148]jd_time:[2460277.103449074]
sat:40252ECI:[-4305.1726257855835, -5329.271183935485, -343.54337432378287, 0.6060010791529731, -0.016140679158827612, -7.5915303899395585]jd_time:[2460277.103449074]
sat:40253ECI:[-2480.8889653264614, -1306.8667589191116, 6291.325182383971, 6.643751826746903, 2.077950182176571, 3.052671280862519]jd_time:[2460277.103449074]
sat:40254ECI:[1543.3070892867, -2005.904104656088, 6736.338795605882, -2.9744491515625797, 6.287937363094474, 2.690049716392859]jd_time:[2460277.103449074]
sat:40255ECI:[5320.53559241108, 4217.447125015637, -2201.6867319284397, 1.4440992688961147, 1.7974999736091906, 7.16723201406857]jd_time:[2460277.103449074]
sat:40256ECI:[-349.3194458678552, 952.5560917819525, 6704.954529529424, -5.482881083039537, 5.257547044203331, -1.0305140451512804]jd_time:[2460277.103449074]
sat:40257ECI:[-2570.9927960582127, -3113.978491456577, 5398.782178063656, 4.527018564384346, 4.172469878546544, 4.610501236814208]jd_time:[2460277.103449074]
sat:40324ECI:[4338.756932538818, -316.65116059719514, -5192.446415341337, -5.772585020522989, 1.1868649930306059, -4.913778967013052]jd_time:[2460277.103449074]
sat:40325ECI:[-203.69469939460572, 2972.9408696146534, -6058.229461328568, -0.6199686858445272, -6.8814339150612485, -3.3361565753845865]jd_time:[2460277.103449074]
sat:40326ECI:[-4895.330803823177, 4418.866606608421, 150.78751690920873, -0.44546847941576756, -0.2503729888238252, -7.752368545969028]jd_time:[2460277.103449074]
sat:40327ECI:[1544.1457730690393, 1170.2838379877212, 6455.10084567946, -6.758139818901429, -2.954217890543821, 2.154457573126274]jd_time:[2460277.103449074]
sat:40992ECI:[-856.8122361600329, -926.5444884048976, -6903.403594604224, 6.689617576292767, 3.2433434492450095, -1.2612380588959555]jd_time:[2460277.103449074]
sat:40993ECI:[-2869.2752858140448, -6211.249952200527, 1162.8036509263175, -0.0932718873558582, -1.3663628823237863, -7.4581535150927944]jd_time:[2460277.103449074]
sat:40994ECI:[-5979.307443024883, -2214.8447750036075, -2723.3082841106343, 2.9665507184693793, 0.5440095971142158, -6.9560509268824084]jd_time:[2460277.103449074]
sat:40995ECI:[1900.1920215161852, 6769.686698732607, 775.2891023858579, -0.2336365967404659, 0.9296746406810942, -7.46168284947509]jd_time:[2460277.103449074]
sat:40996ECI:[6458.0452563009185, -2781.6343759305532, -865.976335084506, 1.0206855234243, 0.08165534055541075, 7.427517083366884]jd_time:[2460277.103449074]
sat:40997ECI:[4582.829084551563, 1262.7631788587423, 4785.578146875277, 5.056216514398753, 2.118440984461457, -5.391234127930821]jd_time:[2460277.103449074]
sat:40998ECI:[6804.405158233248, 1190.1639190285764, -1774.749684594397, 1.7406529887061644, 0.798434988969287, 7.228679475558593]jd_time:[2460277.103449074]
sat:41917ECI:[-3253.2539356598745, 6282.139259593095, -1077.2810848875424, -0.9363283546382443, 0.7758814660439084, 7.363418601775955]jd_time:[2460277.103449074]
sat:41918ECI:[-1135.6666588101007, 1187.0750141913777, 6963.2535244157525, 3.3536097997023884, -6.46236059988317, 1.64793233520743]jd_time:[2460277.103449074]
sat:41919ECI:[-3199.3473726634224, 5567.279145339385, 3157.0312368403797, 1.1839944384819443, -3.1098649018931592, 6.681222799758196]jd_time:[2460277.103449074]
sat:41920ECI:[361.7662448114873, 277.9279832085266, -7142.60633765372, -3.515054869824069, 6.5818028271115745, 0.07800867605194378]jd_time:[2460277.103449074]
sat:41921ECI:[361.67559756180975, 7055.825603260233, 1135.5132895831277, -0.5350737515564832, -1.1576139081003343, 7.353731192673323]jd_time:[2460277.103449074]
sat:41922ECI:[-3311.1481694508557, 6301.713084631437, -731.1322216893967, -0.7709009890787272, 0.4530127009732505, 7.40936469851176]jd_time:[2460277.103449074]
sat:41923ECI:[2756.3171834068426, -4523.522054836162, -4812.771075525258, -2.0598237609161565, 4.598768544718474, -5.503922608150154]jd_time:[2460277.103449074]
sat:41924ECI:[445.64205383522875, 7130.154193697906, 408.80831009654526, -0.4956652111642611, -0.3971678273049565, 7.436428972050733]jd_time:[2460277.103449074]
sat:41925ECI:[3374.416925039199, -6279.909009489706, -619.932379566961, 0.11025187538619856, 0.7900118107622233, -7.420510776349227]jd_time:[2460277.103449074]
sat:41926ECI:[-1465.4591712417723, 3566.646948482657, -6029.6141981774845, -3.1782467669666175, 5.44374548678654, 3.9932837856877983]jd_time:[2460277.103449074]
sat:42803ECI:[3679.794792336906, -148.88973447472316, 6133.996899673273, -6.31026795977575, 1.167295136241831, 3.813015368770577]jd_time:[2460277.103449074]
sat:42804ECI:[3202.0413735903535, 1802.3410155051051, 6139.014645173386, -5.987803357154091, -2.3229398542711586, 3.8040924438080985]jd_time:[2460277.103449074]
sat:42805ECI:[-5477.427502893574, 497.6440241539422, -4579.12729042978, 4.683063002368836, -1.0382810915397642, -5.71664126052144]jd_time:[2460277.103449074]
sat:42806ECI:[6798.330811689295, -903.2281764529776, 1934.6301921361262, -1.9468982939715174, 0.7440362105985011, 7.18293898731571]jd_time:[2460277.103449074]
sat:42807ECI:[-248.82492899950438, 382.21628734231456, 7139.560687769843, -6.8613644529925635, -2.9401268395631774, -0.08190526546645094]jd_time:[2460277.103449074]
sat:42808ECI:[4348.063733496311, 1482.5491311947117, -5487.968900252021, 5.153757378999957, 2.528816223124848, 4.767569179680522]jd_time:[2460277.103449074]
sat:42809ECI:[-2053.3368428823132, -417.2344084035888, 6840.598320534679, -6.513395412300306, -2.9569107183078955, -2.1351643798857047]jd_time:[2460277.103449074]
sat:42810ECI:[-2171.666274889362, 1280.8540112846238, -6666.721465771386, 5.265205965610723, -4.626456188631289, -2.604601421367938]jd_time:[2460277.103449074]
sat:42811ECI:[3438.8253828004863, 4390.65065037486, -4485.381505822221, 2.400250266812849, 4.0400539064550065, 5.796710971572195]jd_time:[2460277.103449074]
sat:42812ECI:[-5542.961815762504, -2645.1915042410224, -3673.275740229287, 3.68195302768716, 1.1520118416872962, -6.388221153669382]jd_time:[2460277.103449074]
sat:42955ECI:[-4040.6806068256305, -5523.7223993367625, 2086.135572485897, -0.8871925146995802, -2.042992730414147, -7.124496121432927]jd_time:[2460277.103449074]
sat:42956ECI:[2317.3032795048125, 3897.1154026299264, 5534.667039736034, -3.5730193768127982, -4.561255987422224, 4.706199736097126]jd_time:[2460277.103449074]
sat:42957ECI:[-3072.3408041567623, -4799.492750719466, -4329.085153750186, 2.9211363478064865, 3.471607549283619, -5.925140965184144]jd_time:[2460277.103449074]
sat:42958ECI:[-3229.6091524117114, -4018.6902868705893, 4960.998692353933, -2.7232334318306624, -4.426940372158107, -5.357646537083262]jd_time:[2460277.103449074]
sat:42959ECI:[-4054.5447608239124, -5851.506134609229, -727.8372906005121, 0.8173588132621704, 0.35314263293889303, -7.409894615088817]jd_time:[2460277.103449074]
sat:42960ECI:[2310.00323328663, 2605.1889299875847, -6253.355022970488, 3.5680309849771934, 5.476084436925595, 3.600085509444724]jd_time:[2460277.103449074]
sat:42961ECI:[-3773.2154326811547, -5623.797390537259, -2311.757245254775, 1.7507654216946376, 1.7204105745408396, -7.048029282473831]jd_time:[2460277.103449074]
sat:42962ECI:[-377.8037242135275, 243.90850388462195, 7140.281846774577, -4.285304041915191, -6.112308297126111, -0.018268849319827373]jd_time:[2460277.103449074]
sat:42963ECI:[4089.8963526669254, 5865.472069892209, 277.00753197681826, -0.5506607485329017, 0.030394445122001137, 7.442881537338327]jd_time:[2460277.103449074]
sat:42964ECI:[1094.6501802746373, 791.9163841225535, -7028.785822617906, 4.1435615275915465, 6.0617162735061125, 1.328101583803233]jd_time:[2460277.103449074]
sat:43070ECI:[-3775.1093633923006, 182.31099274535546, -6077.971081174146, 6.241047338347297, -1.1904177315299753, -3.9131129040236177]jd_time:[2460277.103449074]
sat:43071ECI:[-3936.447617472832, 975.6610896233055, 5893.6039644857765, -6.131899483117823, 0.6669909319137604, -4.205178891926399]jd_time:[2460277.103449074]
sat:43072ECI:[-5249.034917028475, 1058.0832969009855, 4745.431950636925, -4.96082761652916, 0.36058616306598423, -5.565869814895873]jd_time:[2460277.103449074]
sat:43073ECI:[-6558.91905963138, 1093.148965134277, 2642.0501464580643, -2.7968368884209065, -0.04544095985195061, -6.920280123358787]jd_time:[2460277.103449074]
sat:43074ECI:[1554.5060610698044, 210.86412258728382, 6980.28860857484, -7.202042118663772, 1.1820424149763578, 1.567860302859691]jd_time:[2460277.103449074]
sat:43075ECI:[1984.4959109084211, -720.5357613004263, -6838.97214820583, 7.090208499071997, -0.883240631524892, 2.1509008239065133]jd_time:[2460277.103449074]
sat:43076ECI:[-2972.82824439247, 834.4759377555965, 6453.855033860353, -6.708269295951714, 0.7542024529973664, -3.1865670854553527]jd_time:[2460277.103449074]
sat:43077ECI:[-6880.698541036597, 876.3455473290148, -1759.775515724988, 1.7542013833591745, -0.711182520371227, -7.219167854148969]jd_time:[2460277.103449074]
sat:43078ECI:[5444.710447292022, -4442.2072072312485, 1351.3197419616868, -0.7888100628590669, 1.260454299952999, 7.3139250087780985]jd_time:[2460277.103449074]
sat:43079ECI:[-6438.9673627025195, 1102.345831961566, 2918.7414064001705, -3.082022974813991, 0.0064735211978880075, -6.798233135063126]jd_time:[2460277.103449074]
sat:43249ECI:[-4988.437004332157, 4404.06596012896, 2629.9963378312036, -2.3871819543899075, 1.4341715408517306, -6.925072688755119]jd_time:[2460277.103449074]
sat:43250ECI:[-3480.54839324202, 2445.022092138736, -5756.226919634824, 4.428650897662314, -4.07613350428743, -4.410482975605012]jd_time:[2460277.103449074]
sat:43251ECI:[4290.365765919939, -3936.417704638707, -4161.182010445225, 3.576899666561595, -2.498951952254411, 6.053960168650812]jd_time:[2460277.103449074]
sat:43252ECI:[-4963.986718760082, 3873.896269289388, -3401.13724840812, 2.4594561889764064, -2.5960027401364796, -6.550074666762281]jd_time:[2460277.103449074]
sat:43253ECI:[1071.0205505749084, -1466.9619117833092, -6923.233776956546, 5.616538106214369, -4.556690859714834, 1.8349924843559948]jd_time:[2460277.103449074]
sat:43254ECI:[4677.1228928514065, -3583.322675569218, 4058.7608053972313, -3.0058479576267327, 3.0210785414396355, 6.128519155473737]jd_time:[2460277.103449074]
sat:43255ECI:[-5273.062172698133, 4214.120510556235, -2377.46364044026, 1.6205964688421852, -1.9321288055177943, -7.023662752358665]jd_time:[2460277.103449074]
sat:43256ECI:[3169.7618787817128, -2162.6448108744858, 6038.235211962056, -4.67551739275714, 4.24969277908735, 3.9755862535111297]jd_time:[2460277.103449074]
sat:43257ECI:[-3691.4329495006036, 2631.226792313748, -5538.452638681871, 4.248165662783532, -3.9379895264728955, -4.704005112062479]jd_time:[2460277.103449074]
sat:43258ECI:[3468.8120648154277, -3331.539077642103, -5300.086064313379, 4.4511742250685735, -3.3068348021202785, 4.993612801780214]jd_time:[2460277.103449074]
sat:43478ECI:[2435.609698035787, -3829.46712117291, -5495.022741078714, -2.4652075383745706, 5.232004019813425, -4.740221495485608]jd_time:[2460277.103449074]
sat:43479ECI:[1480.7761277220188, -1902.3489830006058, -6739.066820603882, -3.1403167038881135, 6.302340139625602, -2.4695809363818007]jd_time:[2460277.103449074]
sat:43480ECI:[3265.927667551664, -5879.784143556007, -2443.4915825240405, -0.7975133065101977, 2.464077190202478, -6.999421137782334]jd_time:[2460277.103449074]
sat:43481ECI:[3320.64107586183, -6312.346249923872, 572.125784939806, 0.694638555556593, -0.309159435836204, -7.425035672693904]jd_time:[2460277.103449074]
sat:43482ECI:[-3292.186936871271, 6276.228376411807, -741.7748290081107, -0.7728715809915827, 0.47029781253714065, 7.424021878435632]jd_time:[2460277.103449074]
sat:43569ECI:[575.6326048941637, 2433.4588886128768, -6705.866101108682, 0.2768091552228276, 7.002010180650796, 2.5652532171919473]jd_time:[2460277.103449074]
sat:43570ECI:[-123.81093003863036, 3986.4795612496855, 5939.721583366839, -0.650132467100109, -6.181496357684314, 4.133867115334076]jd_time:[2460277.103449074]
sat:43571ECI:[567.1094405998743, 2254.5305782424907, -6769.221792502352, 0.2885554316813257, 7.066773068051618, 2.378485773162787]jd_time:[2460277.103449074]
sat:43572ECI:[-239.76360552824124, -6628.49953841184, -2687.1009947322495, 0.6067765193058814, 2.7740877528706873, -6.901375481023569]jd_time:[2460277.103449074]
sat:43573ECI:[-611.7586175104959, -6333.550582086101, 3271.678225180243, 0.19773835645265198, -3.4406918684669163, -6.621185940805705]jd_time:[2460277.103449074]
sat:43574ECI:[-622.3003838332611, -4045.6184219616052, 5868.141008526598, -0.11480055996940605, -6.139620680170202, -4.244143004021389]jd_time:[2460277.103449074]
sat:43575ECI:[-624.8664591016759, -4110.206848879003, 5822.789505671459, -0.10948936253945973, -6.092659445708392, -4.31140874239792]jd_time:[2460277.103449074]
sat:43576ECI:[-626.5752803515247, -4043.415827170691, 5868.789083549349, -0.12131516908850921, -6.140833604902219, -4.242782821059352]jd_time:[2460277.103449074]
sat:43577ECI:[633.1260949092159, 5347.475577068659, -4714.290158152047, -0.043256765000366945, 4.936734642091646, 5.595805044162246]jd_time:[2460277.103449074]
sat:43578ECI:[-536.5853812247361, -6958.137428173973, 1579.7216053673922, 0.35308780299479103, -1.677899291260285, -7.264290628648819]jd_time:[2460277.103449074]
sat:43922ECI:[-3429.0339923456413, -1041.3278258150542, 6192.2478265228565, -5.861714603435584, -2.758230385433051, -3.7089139355123986]jd_time:[2460277.103449074]
sat:43923ECI:[4163.191732358259, 1427.6137873720347, -5486.096902150598, 5.298033706352081, 2.568233824830344, 4.690139318448616]jd_time:[2460277.103449074]
sat:43924ECI:[6509.193136961593, 2846.7728934999973, 854.2131503031424, -1.0052095619543608, 0.07564753923974313, 7.3952116560663095]jd_time:[2460277.103449074]
sat:43925ECI:[1847.6430951012026, 1253.9833102531816, 6797.067270008284, -6.591754262169472, -2.658341093096392, 2.281610127552864]jd_time:[2460277.103449074]
sat:43926ECI:[2624.302909358036, 3088.345408332365, -5883.008826069424, 3.3330711370509825, 5.190309077573943, 4.210364912931581]jd_time:[2460277.103449074]
sat:43927ECI:[6135.012406667488, 2805.988003019794, 2384.6857281076436, -2.4651773067568605, -0.5807906582540843, 7.021112237966799]jd_time:[2460277.103449074]
sat:43928ECI:[-2754.8431062663403, -821.1588851011998, -6419.253602980192, 6.846981954260004, 0.7513767962242027, -3.0354302737760945]jd_time:[2460277.103449074]
sat:43929ECI:[6301.899625208779, 2841.873182045233, 1846.4997925223356, -1.9529616649372894, -0.3485945051836414, 7.195391444492304]jd_time:[2460277.103449074]
sat:43930ECI:[-6345.7745453558255, -2612.432903754167, 1532.1945365424735, -1.3424656643660926, -1.0456733600371877, -7.33463553920963]jd_time:[2460277.103449074]
sat:43931ECI:[3841.4679011617663, 1249.5559803834956, -5908.223633724654, 5.564044134666507, 2.6829825330628916, 4.186215463967836]jd_time:[2460277.103449074]
sat:44995ECI:[-586.2891194489605, 6776.327736605428, 1309.7937999280002, -0.6164209869592868, 1.3781540517978235, -7.439068756778695]jd_time:[2460277.103449074]
sat:46435ECI:[-4847.270381866891, 2494.5727194500882, -4991.144746319937, -4.7523028524476665, 1.7291371142156389, 5.237623123329317]jd_time:[2460277.103449074]
sat:46436ECI:[-4218.349719543387, -3999.423959128179, -3917.396539162436, -2.644523034309064, -3.313729908592516, 6.245806835336558]jd_time:[2460277.103449074]
sat:46437ECI:[-379.1316283709425, 588.5205083495088, -6783.942420177561, -7.1452876676964845, 2.6692448645758318, 0.6263193114037973]jd_time:[2460277.103449074]
sat:46734ECI:[-4167.039720003398, 2849.61195611258, 5101.313561561196, -4.722389828974053, 2.3942669233103118, -5.229105490965482]jd_time:[2460277.103449074]
sat:46804ECI:[-5021.46532347205, -4751.193016195802, -2175.680881044159, -1.2200635394245294, -1.866674909719019, 7.033948011639776]jd_time:[2460277.103449074]
sat:46961ECI:[4549.592026745026, -4524.439025509572, -2763.584740729252, -1.7633583008993339, 2.4862483234666497, -6.927359013987491]jd_time:[2460277.103449074]
sat:46962ECI:[-854.1180928008541, 205.2249573876518, 6991.866150808522, -7.132803847184727, -2.279359731225918, -0.750933075519557]jd_time:[2460277.103449074]
sat:46963ECI:[-3561.580609344286, -4417.385009860794, 4176.213410283518, -2.325214801953834, -3.8490884163645718, -6.050901737490203]jd_time:[2460277.103449074]
sat:46964ECI:[-1414.9751877246817, -3955.0600223865804, 5549.020185230761, 2.800139236678884, 5.3869646487070115, 4.523233534667196]jd_time:[2460277.103449074]
sat:46965ECI:[-1833.7963854932607, 2874.1329287183903, 6242.037214690996, -4.342066548166581, 4.951358059525271, -3.5456034051586296]jd_time:[2460277.103449074]
sat:46966ECI:[-1653.1165956926877, -2101.5501892554857, 6534.894968050858, 5.243956973853159, 4.652815630521873, 2.817885318177465]jd_time:[2460277.103449074]
sat:46967ECI:[-759.0980219682402, 4890.960463272493, -4830.713846519821, 0.11808183275374172, -5.317788080152243, -5.420459802953791]jd_time:[2460277.103449074]
sat:46968ECI:[1484.9804247937473, 6288.130179509138, 2245.7191024424365, -1.0911387511477748, -2.3239380511579117, 7.190368940691648]jd_time:[2460277.103449074]
sat:46969ECI:[5765.937185252167, -3724.3272905116874, 897.4393680740524, 1.0930618031311785, -0.10616785867208639, -7.504254085696364]jd_time:[2460277.103449074]
sat:46970ECI:[-339.8033598420531, -2468.6201102984232, -6485.968997397008, 2.3311102805076604, 6.681419203519866, -2.6784087499865636]jd_time:[2460277.103449074]
sat:46971ECI:[-97.04866179367137, 760.7799532642765, 7026.842289135177, -5.144165248813243, 5.4331024864285835, -0.6473073652347536]jd_time:[2460277.103449074]
sat:46972ECI:[-6789.403880200702, 49.53920646592075, 2139.1282738916484, -2.2558264616912482, -0.4773289505660844, -7.120174474174971]jd_time:[2460277.103449074]
sat:46973ECI:[-4274.903482792562, 4567.638606276223, 3593.0363079815943, 2.0970109199935387, -3.030037709192325, 6.400064553416009]jd_time:[2460277.103449074]
sat:46974ECI:[-1227.158949854369, -3620.766831934212, -6172.76033247666, 2.840425498712928, 5.572218882236269, -3.9069719895983037]jd_time:[2460277.103449074]
sat:46975ECI:[3854.246534309481, 4828.450591622576, -3178.8795790675476, 1.7306393486312242, 3.030013690228635, 6.726427424200986]jd_time:[2460277.103449074]
sat:46976ECI:[-6747.117053244607, -2046.7700821500746, -1165.3533022584068, -0.9243570874567376, -0.7719649954347297, 7.396430065773886]jd_time:[2460277.103449074]
sat:46977ECI:[-5955.540855385491, -858.1747871415392, 3791.886590961312, -3.8652719533116042, -1.1529483847980828, -6.294914868084971]jd_time:[2460277.103449074]
sat:46978ECI:[-2667.9821523264254, 1996.2061236579761, -6183.381686546253, 4.622742676575975, -4.761026985337443, -3.5402151664756185]jd_time:[2460277.103449074]
sat:46979ECI:[-4667.709216512085, -2093.0516221969747, -4907.759978358489, 5.019421973171879, 1.5251810091115938, -5.380831202780311]jd_time:[2460277.103449074]
sat:46980ECI:[1741.1862892694603, -65.75258676676351, 6880.6611878310905, 7.091107779856475, 1.6586604505745133, -1.7706547541891484]jd_time:[2460277.103449074]
sat:46981ECI:[-4122.805387616859, -2802.5136267068424, 5005.477544807154, 4.812278284983649, 2.4393439772128067, 5.2800065349570104]jd_time:[2460277.103449074]
sat:46982ECI:[1182.1935395191615, -379.3786942703613, -6846.529501600327, 7.452728146814667, 0.42689621841534764, 1.2580596017268593]jd_time:[2460277.103449074]
sat:46983ECI:[-6300.766558608458, 1679.4293525589117, 1998.7212494646303, -2.2825986788267194, 0.08140160504971845, -7.295540272649594]jd_time:[2460277.103449074]
sat:56726ECI:[-1482.8998285135208, -4298.343848677051, -5487.62873033176, 2.47674353298703, 5.2131824487295235, -4.754514748424344]jd_time:[2460277.103449074]
sat:56727ECI:[646.0516497189283, 67.1925704768263, -6977.997498596942, 4.663489419493827, 5.905700695372396, 0.4886508484118468]jd_time:[2460277.103449074]
sat:56728ECI:[3103.7291575678673, 3331.3267503435686, -5327.291543952731, 3.3243199344231895, 4.696276374781049, 4.874630976633004]jd_time:[2460277.103449074]
sat:56729ECI:[-662.7188998199149, -303.19309866250296, 6967.143349843031, -3.7912524268154533, -6.4904499784017675, -0.6429349775998057]jd_time:[2460277.103449074]
sat:56730ECI:[-3181.196842275239, -5946.7365165879, -1900.1681544624155, 1.3622885946668313, 1.585006344540241, -7.24700502870192]jd_time:[2460277.103449074]
sat:57002ECI:[6709.708992931402, 1359.9448527717598, -1343.3344554217153, 1.3326657887498925, 0.7659349402115513, 7.4024558862713485]jd_time:[2460277.103449074]
sat:57003ECI:[5735.698784829177, -1769.8921887680945, 3855.355389339541, -3.626020636043712, 1.7217716143440256, 6.2971938758687545]jd_time:[2460277.103449074]
