sat:44057ECI:[-3604.4886311028085, -4717.086279953537, 4705.578656685916, -2.464739566852936, -3.7817620033161465, -5.678480432399943]jd_time:[2460277.1018518517]
sat:44058ECI:[-3408.792058561629, -5036.583200861881, -4517.433522323253, 2.6943792824712722, 3.392656803802415, -5.8175937565276605]jd_time:[2460277.1018518517]
sat:44059ECI:[4412.653082944541, 6103.597976771219, -823.1069849944795, 0.24479247393817255, 0.7929367022052213, 7.205394322081741]jd_time:[2460277.1018518517]
sat:44060ECI:[-699.8101116711896, -5659.128148502215, 4992.35757339645, -0.23518545206350888, -4.778690895042459, -5.450675740502615]jd_time:[2460277.1018518517]
sat:44061ECI:[741.9732312380401, 6911.368377645949, -3024.277515949128, 0.020323840509228936, 2.90434089529715, 6.644007796688619]jd_time:[2460277.1018518517]
sat:44062ECI:[738.9394807016539, 7207.1652307361655, -2231.0595356460026, -0.05916162858566527, 2.148757247344092, 6.924948639460873]jd_time:[2460277.1018518517]
sat:45131ECI:[3653.025158082842, 6206.906190939649, 2440.385423919969, 0.9315299829268676, 2.146338145206172, -6.851453892701622]jd_time:[2460277.1018518517]
sat:45132ECI:[-3299.271347600567, -3204.892246863683, 6048.492804992473, 4.4346633937615385, 3.6944419106670434, 4.3759174954705]jd_time:[2460277.1018518517]
sat:45133ECI:[5289.423207406889, 4798.7829561707895, -2600.114268971858, -2.0230883376958975, -1.4527350908958623, -6.799772958999145]jd_time:[2460277.1018518517]
sat:45134ECI:[-5700.7544559530525, -4994.013381892838, -561.5243152086076, -0.22553102756799476, -0.5525178563337789, 7.217740148403271]jd_time:[2460277.1018518517]
sat:45140ECI:[-5534.726616903629, -2922.4393201796215, 4301.688571151827, 3.7760845767372633, 1.6294221102442883, 5.9647991389612365]jd_time:[2460277.1018518517]
sat:45142ECI:[-292.0334302216835, 114.66111152592295, -7594.459907146111, -5.418695378906537, -4.801325406824647, 0.135956193621051]jd_time:[2460277.1018518517]
sat:45143ECI:[-3990.684626029708, -3784.3094760992017, 5243.690736611031, 3.8756203049174576, 3.1680539366878437, 5.234963678012094]jd_time:[2460277.1018518517]
sat:45144ECI:[-5692.445840915689, -4992.639651078439, -649.3246768577676, -0.2875057554833778, -0.607625232447203, 7.211226754355111]jd_time:[2460277.1018518517]
sat:45145ECI:[3583.6976835300607, 1501.5003946029144, 6526.661133847926, 5.525974489787364, 2.877904854307168, -3.6957328319912373]jd_time:[2460277.1018518517]
sat:45147ECI:[-3544.0091926242244, -3413.5147844087446, 5790.452627370266, 4.2544298458664915, 3.526770110577479, 4.68241543674262]jd_time:[2460277.1018518517]
sat:45149ECI:[287.29332947721775, -119.00902352391076, 7592.3399356763275, 5.424074601062826, 4.798655077439261, -0.12930474047063878]jd_time:[2460277.1018518517]
sat:45151ECI:[-6691.767661576637, -3362.8865377303296, 1265.5491879847527, 1.199710266671842, 0.3012768088890618, 7.1380562287716565]jd_time:[2460277.1018518517]
sat:45153ECI:[-3101.0987148587506, -3046.5987972020557, 6232.284518306647, 4.555440491957631, 3.8227907266565153, 4.135069541436674]jd_time:[2460277.1018518517]
sat:45157ECI:[-1677.3870749850316, -1122.946495310652, -7328.0017269440805, -5.187248514385863, -4.679383267303108, 1.9050904890821465]jd_time:[2460277.1018518517]
sat:45158ECI:[-5565.251997062584, -4824.265311609436, -1873.7503560877508, -1.1674069851404336, -1.3756293794306391, 7.013863499048684]jd_time:[2460277.1018518517]
sat:45160ECI:[-3725.014934777789, -3563.8024552207003, 5582.47268039644, 4.110879079133145, 3.3897329601572013, 4.906573290308768]jd_time:[2460277.1018518517]
sat:45163ECI:[-3311.008788209157, -2613.9593113828446, -6322.522645427094, -4.419789287824185, -4.100560752957999, 4.011013671075064]jd_time:[2460277.1018518517]
sat:45424ECI:[-6243.283414855113, -2952.5089309020887, -3162.81989120425, -2.5990007051220374, -1.5521401318302368, 6.581014315017547]jd_time:[2460277.1018518517]
sat:45425ECI:[2642.443298509761, 1591.0779954160391, -6942.614236409253, -5.984831116677927, -2.8398375609498365, -2.9287591467248104]jd_time:[2460277.1018518517]
sat:45426ECI:[5638.964540219986, 2606.1656332200246, 4369.395473925234, 3.6444754130928074, 2.0418866315621025, -5.919338806782411]jd_time:[2460277.1018518517]
sat:45427ECI:[-4593.762770139146, -2032.9476065655947, -5698.938532836995, -4.798085571059765, -2.562187366835091, 4.782734299904424]jd_time:[2460277.1018518517]
sat:45428ECI:[5510.374823855577, 2904.496308616054, -4348.419587716763, -3.814382566643066, -1.644530649213423, -5.933879290969721]jd_time:[2460277.1018518517]
sat:45429ECI:[-697.8626119409078, -35.972680250801616, -7564.53506066938, -6.457528110312254, -3.2233565456858373, 0.6114051362342562]jd_time:[2460277.1018518517]
sat:45430ECI:[5904.3458741401555, 3073.0876089866515, -3660.823495933859, -3.2329237157886412, -1.3409791793404502, -6.3416745149330795]jd_time:[2460277.1018518517]
sat:45431ECI:[1180.7271556348521, 276.05801962877547, 7497.128312388941, 6.399975388768776, 3.2045170093280557, -1.1252030114879008]jd_time:[2460277.1018518517]
sat:45432ECI:[4727.47021411356, 722.0729779695919, 5869.156944505937, 5.489422920242832, 1.2598689426277097, -4.575546574047432]jd_time:[2460277.1018518517]
sat:45433ECI:[6802.379406354319, 3376.864301312795, -147.79017949122274, -0.24323996775253312, 0.17580231114657324, -7.237774806405332]jd_time:[2460277.1018518517]
sat:45434ECI:[2537.1112387953717, 1542.6185119375132, -6992.572664239024, -6.02421515745585, -2.8680541148108025, -2.818620385786016]jd_time:[2460277.1018518517]
sat:45435ECI:[-6508.937547708157, -3306.8614316857906, 2094.3532117947257, 1.9057221112557583, 0.6582644110904043, 6.958372109001207]jd_time:[2460277.1018518517]
sat:45436ECI:[1148.1141112847288, 262.06209085350565, 7502.576587152206, 6.399572805787913, 3.2171670909738186, -1.091168354829839]jd_time:[2460277.1018518517]
sat:45437ECI:[4390.599869369481, 1934.2093421331178, 5887.675208053157, 4.9621616481689985, 2.6454086896210747, -4.568059899736095]jd_time:[2460277.1018518517]
sat:45438ECI:[-6803.604961954241, -3368.9281424066644, 232.75960967269458, 0.3175682142617743, -0.13926333166572305, 7.235970403729986]jd_time:[2460277.1018518517]
sat:45439ECI:[746.6646750207813, 60.06377238702718, 7557.859224882619, 6.455473258200665, 3.2212491115932576, -0.6629518398464331]jd_time:[2460277.1018518517]
sat:45440ECI:[-4853.834080795472, -2615.4740394055134, 5222.916114034489, 4.554639549244395, 2.0385334297178264, 5.2527733433478785]jd_time:[2460277.1018518517]
sat:45441ECI:[5997.123397448414, 2807.6059949961586, 3720.953215358595, 3.0828263266923237, 1.7796875768418718, -6.30933383251004]jd_time:[2460277.1018518517]
sat:45442ECI:[2210.403740715194, 795.9936629911833, 7221.696567393252, 6.146259280142529, 3.1254893145150984, -2.225579574162921]jd_time:[2460277.1018518517]
sat:45443ECI:[2342.263800104095, 1446.4366491503622, -7080.4812522352595, -6.099274781445915, -2.9054928668608584, -2.611435001159781]jd_time:[2460277.1018518517]
sat:45444ECI:[-6716.351089551604, -3267.1097728357095, -1383.1029320904247, -1.0664089696331993, -0.8191390043789822, 7.118159429554051]jd_time:[2460277.1018518517]
sat:45445ECI:[-4328.829578578702, -2380.492122826239, 5768.363201026317, 5.0110849884495865, 2.289757426306087, 4.705080753985706]jd_time:[2460277.1018518517]
sat:45446ECI:[3544.539526695429, 2016.4711852302403, -6409.456113878468, -5.54380511003017, -2.5846175108593683, -3.8792967596433248]jd_time:[2460277.1018518517]
sat:45447ECI:[-6807.781923680995, -3363.8328147925095, -170.84532031811696, -0.02715460860355442, -0.3097486319422941, 7.237753146566891]jd_time:[2460277.1018518517]
sat:45448ECI:[-6415.769524964009, -3057.97150795709, -2680.4294560138724, -2.1825208863529704, -1.3546108277756794, 6.773230850558461]jd_time:[2460277.1018518517]
sat:45449ECI:[-6725.838414671551, -3263.7652803573487, -1345.105294091062, -1.034437704104958, -0.8018677090180933, 7.124714212026639]jd_time:[2460277.1018518517]
sat:45450ECI:[-6722.048899546852, -1442.6979620445697, 3170.914004605339, 3.0309625187620846, 0.3537669799046642, 6.5833676735507325]jd_time:[2460277.1018518517]
sat:45451ECI:[-6336.829321246362, -3235.178912530553, 2657.6503158285877, 2.385714844462813, 0.8995022216804213, 6.781306789093875]jd_time:[2460277.1018518517]
sat:45452ECI:[3273.780182661457, 1884.0176445632512, -6591.3116194111435, -5.698114100100002, -2.663119964051705, -3.591791908849777]jd_time:[2460277.1018518517]
sat:45453ECI:[-209.07375552698974, -2431.859402289838, -6521.198428317099, 1.3517167186316392, 6.950101033045217, -2.639274922189249]jd_time:[2460277.1018518517]
sat:45454ECI:[-6749.331889931895, -3295.198891766901, -1132.163235977481, -0.8508710345161963, -0.7142292446682397, 7.158542667712296]jd_time:[2460277.1018518517]
sat:45455ECI:[1381.2597436363467, 378.42347925882933, 7458.513413226135, 6.35921013185862, 3.2026120971756455, -1.3395816550903112]jd_time:[2460277.1018518517]
sat:45456ECI:[-2378.5100165776253, -884.3850409516364, -7160.094536147518, -6.083401569251404, -3.109988991077374, 2.4057207054964045]jd_time:[2460277.1018518517]
sat:45457ECI:[-3932.548945780258, -2195.5760805984287, 6115.052744983039, 5.302354473449462, 2.447189880501511, 4.288135021822881]jd_time:[2460277.1018518517]
sat:47258ECI:[372.8231202365617, 253.37917034731802, -7579.705551706928, -7.21977910853438, 0.4967209660002222, -0.33863513227368347]jd_time:[2460277.1018518517]
sat:47259ECI:[4212.551629704193, -516.4784516726015, 6293.588012909531, 6.009024671362622, -0.258445313916768, -4.042517273941011]jd_time:[2460277.1018518517]
sat:47260ECI:[-3339.9333014559948, 475.5189074068454, -6802.187346212427, -6.487932727218381, 0.3203747161060597, 3.20848060790788]jd_time:[2460277.1018518517]
sat:47261ECI:[7505.144284872957, -469.01285330209606, -1044.094078965398, -0.976075370898009, 0.32949351136869526, -7.172271003297419]jd_time:[2460277.1018518517]
sat:47262ECI:[-5914.436351963152, 571.784180709061, -4727.008756430405, -4.516447944600667, 0.09595525103427914, 5.6640752194151265]jd_time:[2460277.1018518517]
sat:47263ECI:[-4869.565100345933, 115.41789888025365, 5822.01108849093, 5.538026233892436, -0.5462797562121634, 4.64206211699859]jd_time:[2460277.1018518517]
sat:47266ECI:[6738.244458383326, -333.04872648289995, -3482.5880225343612, -3.300647724780472, 0.46209542426220684, -6.433477989320472]jd_time:[2460277.1018518517]
sat:47267ECI:[-1007.3878671520332, -206.90596207762977, 7520.824354358044, 7.165560692727572, -0.5285056045022952, 0.9452413898495847]jd_time:[2460277.1018518517]
sat:47268ECI:[-4038.6923418840274, 35.347904837947645, 6426.8501957493045, 6.117284044787105, -0.5525341849975636, 3.8463429061093444]jd_time:[2460277.1018518517]
sat:47270ECI:[7150.439759140489, -573.1955644207306, 2485.3912923852026, 2.3861022145224546, 0.0904856933836001, -6.8412986065615415]jd_time:[2460277.1018518517]
sat:47271ECI:[-1675.60240397231, 386.3401903459498, -7395.730408454983, -7.049040686686351, 0.41928902893102926, 1.619584592130502]jd_time:[2460277.1018518517]
sat:47272ECI:[213.75976504808315, -293.4774988869893, 7581.804055271892, 7.22697603512168, -0.493835365437292, -0.2225298388244833]jd_time:[2460277.1018518517]
sat:47273ECI:[-205.00037246242417, -264.70923696545134, 7583.293382240094, 7.228042487987561, -0.4936616598517855, 0.1781374941477816]jd_time:[2460277.1018518517]
sat:47274ECI:[-6034.435902870535, 575.947038458908, -4571.54379831721, -4.369316002049356, 0.0832785949640541, 5.779088808662343]jd_time:[2460277.1018518517]
sat:47275ECI:[-1457.0358504570106, 374.9168570222676, -7443.499157106781, -7.091778412828935, 0.43890518932201456, 1.409889925829815]jd_time:[2460277.1018518517]
sat:47276ECI:[-809.741677588647, -220.93791530154257, 7544.125196381373, 7.188206329559373, -0.5266680988260058, 0.7561219994707594]jd_time:[2460277.1018518517]
sat:47277ECI:[-2334.9416496413187, 426.6054125680099, -7212.258170735919, -6.875653186958802, 0.39393382278466244, 2.249642546327556]jd_time:[2460277.1018518517]
sat:47278ECI:[-7549.072217385762, 498.67545048304123, 627.9425709542367, 0.5811364767091265, -0.3050682878826589, 7.216453086335979]jd_time:[2460277.1018518517]
sat:47279ECI:[4504.911077152108, -526.8875933922158, 6087.078788813259, 5.812742847433757, -0.23258011174795543, -4.321146234453116]jd_time:[2460277.1018518517]
sat:47281ECI:[-1249.1483770732552, 359.0300653632567, -7480.834493295763, -7.12955425117682, 0.43653003870870727, 1.2116761289298266]jd_time:[2460277.1018518517]
sat:47282ECI:[6508.432000662737, -298.78492067088405, -3897.53261384785, -3.6973795665484728, 0.4802503073541729, -6.212825002275801]jd_time:[2460277.1018518517]
sat:47283ECI:[4068.5594055505617, -508.7476328060877, 6388.1439330877265, 6.099043641089208, -0.267382750055648, -3.9049322413786562]jd_time:[2460277.1018518517]
sat:47284ECI:[-7439.6255581955575, 445.911536216072, 1444.51153349811, 1.3602034858055692, -0.35237521991698445, 7.108583238073724]jd_time:[2460277.1018518517]
sat:47285ECI:[5588.91251140379, -566.5076469829129, 5105.775188624912, 4.880033933590437, -0.13320668872027416, -5.355452215680408]jd_time:[2460277.1018518517]
sat:47286ECI:[-7253.43858946594, 569.193564206634, -2168.9967752270986, -2.0828958466008882, -0.11432394214988192, 6.938857549862784]jd_time:[2460277.1018518517]
sat:47287ECI:[7118.5679666818105, -385.61243310958906, -2612.691993151287, -2.471224788495719, 0.4167546955033341, -6.797912096954464]jd_time:[2460277.1018518517]
sat:47289ECI:[1662.609708633281, -383.9088637964479, 7396.493939882502, 7.05425248256607, -0.41709672098213024, -1.6069505339092174]jd_time:[2460277.1018518517]
sat:47290ECI:[-3222.032162106593, 475.19788625403504, -6859.213339968185, -6.540854670008466, 0.33931639660617163, 3.096397823943742]jd_time:[2460277.1018518517]
sat:47291ECI:[-6735.161397453549, 326.1374620511074, 3487.095598342649, 3.308383279404173, -0.4593515790565496, 6.430740151142299]jd_time:[2460277.1018518517]
sat:47292ECI:[-1675.657323612887, -160.30404331831758, 7401.85344795112, 7.0513714465589, -0.532578043981604, 1.5850062986094395]jd_time:[2460277.1018518517]
sat:47293ECI:[7130.994751537903, -387.4097744294059, -2576.4074260950524, -2.43721976385816, 0.4149926389969204, -6.810952090733191]jd_time:[2460277.1018518517]
sat:48042ECI:[6231.150350497001, -4270.566476979372, 714.3362168192268, 0.7142674512006698, -0.1657589073148586, -7.210710725282662]jd_time:[2460277.1018518517]
sat:48043ECI:[3949.0033536433175, -2423.8582708475255, -6009.924826014557, -4.654492853109841, 3.3676609769775605, -4.417471421535481]jd_time:[2460277.1018518517]
sat:48044ECI:[-4094.733942580231, 3038.668389202661, -5622.199267628208, -4.53903257717209, 2.876455547608024, 4.860976024934162]jd_time:[2460277.1018518517]
sat:48045ECI:[6194.613230504865, -4260.660350706725, 1022.7407251053688, 0.9572684285800317, -0.3328238064875827, -7.176861039505397]jd_time:[2460277.1018518517]
sat:48046ECI:[-890.1789078413234, 271.8989556990497, 7529.253822694777, 5.932188385584657, -4.078414911312849, 0.848951146696728]jd_time:[2460277.1018518517]
sat:48047ECI:[5035.737580783902, -3622.063812135963, 4370.640353119142, 3.5761848388492306, -2.171602850253486, -5.918355103275452]jd_time:[2460277.1018518517]
sat:48048ECI:[3954.4753018482766, -2949.618484722907, 5764.095899894847, 4.652407775008117, -2.960068172066749, -4.705179232953217]jd_time:[2460277.1018518517]
sat:48049ECI:[6236.348988670727, -4276.003629869588, 630.2388677510673, 0.6479159427263803, -0.12075174751249285, -7.217920281164718]jd_time:[2460277.1018518517]
sat:48050ECI:[-4965.171141947083, 3170.0826190585876, 4782.709477298005, 3.6620059039824424, -2.7454439191148814, 5.620334447101908]jd_time:[2460277.1018518517]
sat:48051ECI:[-4761.259785438546, 3456.39622359949, -4793.808592165671, -3.9009342937955833, 2.408127325797899, 5.612552479724221]jd_time:[2460277.1018518517]
sat:48052ECI:[-6180.824543499206, 4144.356923500296, 1481.4850361955505, 1.0245451386605744, -1.0133046180421623, 7.103340444293717]jd_time:[2460277.1018518517]
sat:48053ECI:[-4327.9515252839265, 2697.1608222028085, 5618.142423213437, 4.339426364034721, -3.1706247294294223, 4.863793793958871]jd_time:[2460277.1018518517]
sat:48054ECI:[-3744.8083286413903, 2817.6428710380733, -5967.451438409492, -4.8048527209084, 3.076767900183904, 4.469160958845102]jd_time:[2460277.1018518517]
sat:48055ECI:[84.71865203478218, 279.0000303883776, -7582.756871812097, -5.990380825051939, 4.077658756404382, 0.08319094572728458]jd_time:[2460277.1018518517]
sat:48056ECI:[4159.987123728154, -3080.067709493632, 5547.383853905188, 4.485677563278575, -2.836282798110348, -4.9372181933645285]jd_time:[2460277.1018518517]
sat:48057ECI:[-3939.364149901165, 2936.675301553842, -5783.423751532677, -4.6657018683244615, 2.966253515655826, 4.685138680593486]jd_time:[2460277.1018518517]
sat:48058ECI:[-6156.236682136472, 4116.140334023403, 1649.7112265105516, 1.1587755899135912, -1.1024436737337837, 7.069818120996889]jd_time:[2460277.1018518517]
sat:48059ECI:[-2227.516332156285, 1826.8560216531246, -7021.874468685633, -5.603156529764774, 3.6896475706923932, 2.7381816094616838]jd_time:[2460277.1018518517]
sat:48060ECI:[3560.3430884166933, -2140.317240055096, -6350.245211034365, -4.936023031972502, 3.53400070943708, -3.958433378592348]jd_time:[2460277.1018518517]
sat:48061ECI:[4816.2686154364, -3054.8227895579807, -5005.854672377004, -3.84210181703218, 2.8557207527155954, -5.440993554348192]jd_time:[2460277.1018518517]
sat:48062ECI:[5687.054188855588, -3723.740757872372, -3372.1686983387976, -2.5288491857738937, 2.0104964233957823, -6.487489482499254]jd_time:[2460277.1018518517]
sat:48063ECI:[4862.709942174938, -3518.6002671002934, 4642.181239481198, 3.786094441938418, -2.324730590456571, -5.726859684200508]jd_time:[2460277.1018518517]
sat:48064ECI:[-908.4520713012934, 949.786712509624, -7474.348282860129, -5.9303420595895995, 3.980068281607694, 1.2265567728325055]jd_time:[2460277.1018518517]
sat:48065ECI:[-6035.841463799303, 4010.8635208995934, 2245.3784722172586, 1.6323892879163984, -1.418903021352134, 6.918313788669216]jd_time:[2460277.1018518517]
sat:48066ECI:[2808.502642756307, -1608.484492981974, -6862.775032520618, -5.357413908099875, 3.786277899494847, -3.080475672739861]jd_time:[2460277.1018518517]
sat:48067ECI:[1448.0316841340334, -1310.675148508724, 7331.170557041685, 5.833004531413905, -3.8871229656037274, -1.8470221276299525]jd_time:[2460277.1018518517]
sat:48068ECI:[5869.716513227886, -4109.400236264811, 2497.099029431381, 2.1153823783041408, -1.136173608394282, -6.838714642066679]jd_time:[2460277.1018518517]
sat:48069ECI:[5047.212093810283, -3232.071530799476, -4653.328623066571, -3.556223217372123, 2.6782627315867127, -5.7191288451901325]jd_time:[2460277.1018518517]
sat:48070ECI:[-4952.00960655135, 3155.146042933245, 4806.598528774637, 3.683553176976668, -2.7543846768849654, 5.601672479831685]jd_time:[2460277.1018518517]
sat:48071ECI:[2332.7761114447076, -1274.5583452370256, -7107.639194859427, -5.559924695570769, 3.9025239038492474, -2.525028293744782]jd_time:[2460277.1018518517]
sat:48072ECI:[6050.567741212977, -4025.0289405981734, -2183.73783811683, -1.5806225181146596, 1.3849362203472564, -6.936106823366841]jd_time:[2460277.1018518517]
sat:48073ECI:[4734.160080231288, -2995.507482039448, -5118.922621290106, -3.933027736372151, 2.9146342490795423, -5.3440118129326795]jd_time:[2460277.1018518517]
sat:48074ECI:[-5309.040321893859, 3427.323773807963, 4200.227327827154, 3.1953143569675015, -2.4427560691880585, 6.02977536420648]jd_time:[2460277.1018518517]
sat:48075ECI:[-3491.0522190171396, 2093.3807090653563, 6402.349258709801, 4.979660246209276, -3.5635488854979265, 3.8794607006464608]jd_time:[2460277.1018518517]
sat:48076ECI:[721.4437450399008, -824.9150551395377, 7506.735086682202, 5.952839079735126, -4.01107368132135, -1.0124543289002785]jd_time:[2460277.1018518517]
sat:48077ECI:[876.3445379199205, -928.9028101836426, 7479.4742279491, 5.934285967664551, -3.9885627135387103, -1.190161445908921]jd_time:[2460277.1018518517]
sat:48210ECI:[-226.29521866086986, -173.01113212236572, 7577.469143027387, 3.0977321874099073, -6.555513538847687, -0.05727596572287226]jd_time:[2460277.1018518517]
sat:48211ECI:[3199.802299992945, -6619.091872283522, -1858.9024627622591, -0.5254973627857061, 1.7179083282580072, -7.02421340511494]jd_time:[2460277.1018518517]
sat:48212ECI:[3230.4157678353017, -6735.644348344562, -1308.0485870939976, -0.2961881688739399, 1.2424332931839608, -7.136356546113986]jd_time:[2460277.1018518517]
sat:48213ECI:[3108.0654662170027, -6724.89660322729, 1619.8815513914894, 0.8970284218206327, -1.291527075395174, -7.077635297422282]jd_time:[2460277.1018518517]
sat:48214ECI:[1168.717021351367, -1853.6525319623702, -7261.273499668027, -2.8926511464243125, 6.313671601967933, -2.077857980904055]jd_time:[2460277.1018518517]
sat:48215ECI:[2959.8707225692074, -6487.793355183942, 2579.838159830041, 1.2809526685537984, -2.1257032382725836, -6.812227748582219]jd_time:[2460277.1018518517]
sat:48216ECI:[-1446.8768437787685, 2455.3713905158866, 7027.1559909317175, 2.7845094416394898, -6.120998934454795, 2.711111357042217]jd_time:[2460277.1018518517]
sat:48217ECI:[2973.271593207138, -6513.7095125272745, 2497.217041992524, 1.247734853467463, -2.054321299150072, -6.840446148837002]jd_time:[2460277.1018518517]
sat:48218ECI:[122.77008193829502, -908.0886534317232, 7527.1045628059255, 3.102517669354391, -6.50025377157999, -0.8348017317586679]jd_time:[2460277.1018518517]
sat:48219ECI:[-3183.166866548489, 6553.951141450033, 2103.848087522047, 0.629273573296882, -1.9298923019916117, 6.959936755775639]jd_time:[2460277.1018518517]
sat:48220ECI:[-362.2662699646897, 1408.6720208710092, -7444.539691657079, -3.0835904043014626, 6.416386366070814, 1.3642116141771872]jd_time:[2460277.1018518517]
sat:48222ECI:[-2814.827010819284, 5594.697778071, 4275.071803992796, 1.5483343783491659, -3.7933985612242767, 5.982122400452764]jd_time:[2460277.1018518517]
sat:48224ECI:[198.66067636341194, 231.60328740936512, -7578.805479402268, -3.100341527627164, 6.551211753918489, 0.11809581452802521]jd_time:[2460277.1018518517]
sat:48225ECI:[3002.5042531066183, -6052.167364241966, -3447.3302687221653, -1.1948384516140234, 3.080958651916414, -6.451953801561725]jd_time:[2460277.1018518517]
sat:48226ECI:[3244.212578804913, -6849.395645086565, -267.13360211184147, 0.1321359573243082, 0.3437008428445615, -7.240704599820007]jd_time:[2460277.1018518517]
sat:48227ECI:[-2110.2172046450214, 4932.41744478453, -5361.995920799173, -2.358536775076255, 4.556320070438092, 5.12059241580796]jd_time:[2460277.1018518517]
sat:48229ECI:[-163.83861759178168, 994.7148369431958, -7518.050082841751, -3.097265586638354, 6.487550136297091, 0.9261236777605397]jd_time:[2460277.1018518517]
sat:48231ECI:[-2382.9889674519, 5442.495774059673, -4714.882568860529, -2.11644894787922, 3.9862741005727402, 5.67242567990651]jd_time:[2460277.1018518517]
sat:48233ECI:[-2849.528776454523, 6297.013674215111, -3123.5306488443575, -1.4955355417825376, 2.5962473341551675, 6.600747332723824]jd_time:[2460277.1018518517]
sat:48234ECI:[-64.2768431349011, -515.0458415826298, 7564.7765119458945, 3.1045648859802095, -6.539375719165599, -0.41906507463256665]jd_time:[2460277.1018518517]
sat:48235ECI:[-3224.4038462363887, 6699.158526744851, 1497.7009437564568, 0.376139282304997, -1.4077468374070237, 7.101618887368523]jd_time:[2460277.1018518517]
sat:48236ECI:[-865.4139221076289, 1191.5477179358131, 7434.365809007595, 2.99637881055957, -6.458042911275992, 1.383641716037664]jd_time:[2460277.1018518517]
sat:48237ECI:[60.376213381170565, -777.3638946880862, 7542.855189621514, 3.1037107310648344, -6.5155859895119415, -0.696347911097691]jd_time:[2460277.1018518517]
sat:48238ECI:[3107.984180139043, -6384.641306048413, -2662.8343084259495, -0.8565478858221889, 2.409888736756568, -6.783734846345066]jd_time:[2460277.1018518517]
sat:48240ECI:[-3059.953013361309, 6219.723441942756, 3077.106059701385, 1.036666843005768, -2.7668200829821705, 6.620253100487391]jd_time:[2460277.1018518517]
sat:48241ECI:[-554.9633807037106, 525.5474227299878, 7542.212153558333, 3.0622661317069606, -6.53815585465006, 0.6805386345282207]jd_time:[2460277.1018518517]
sat:48243ECI:[1334.8149408983247, -2213.3711358456926, -7131.32633384346, -2.8296876898140764, 6.204893991069941, -2.456057450338258]jd_time:[2460277.1018518517]
sat:48244ECI:[2332.9667950798157, -4452.095310195879, -5679.9488952375, -2.1598928491365954, 4.986961993853863, -4.797371770169186]jd_time:[2460277.1018518517]
sat:48767ECI:[727.8315355061933, 7420.693186862081, -1366.1173863502381, -0.1414726271499959, 1.324982972694665, 7.127679522369388]jd_time:[2460277.1018518517]
sat:48768ECI:[565.474949354184, 3513.1718842966925, -6693.945239892217, 0.45531909068120485, 6.391588133132357, 3.392943797665602]jd_time:[2460277.1018518517]
sat:48769ECI:[701.2110499145434, 5832.461323702429, -4791.220772520913, 0.2060596461674155, 4.585427615864486, 5.613250014416365]jd_time:[2460277.1018518517]
sat:48770ECI:[-689.11453197947, -5430.966186701563, 5241.3709216461, -0.26562676707358585, -5.015734828979512, -5.231632544341538]jd_time:[2460277.1018518517]
sat:48771ECI:[-662.749395881531, -5031.086551730333, 5629.620668204467, -0.3089414080100185, -5.384681992126962, -4.8483708265832846]jd_time:[2460277.1018518517]
sat:48772ECI:[706.3761732947667, 7528.365244122261, -531.7564872129124, -0.21788478704877673, 0.5300955926188531, 7.228772337126722]jd_time:[2460277.1018518517]
sat:48773ECI:[-142.28391023799944, 1451.9631415163183, 7437.609368947734, -0.6930987002335449, -7.087969763502336, 1.3690964871434208]jd_time:[2460277.1018518517]
sat:48774ECI:[-736.6498994485703, -6662.973081769996, 3536.8274085252597, -0.0730010789425982, -3.394285188394771, -6.4083668511727]jd_time:[2460277.1018518517]
sat:48775ECI:[-672.0852346883922, -7544.263237343504, -285.82591206923274, 0.2891391371811329, 0.24770878431089477, -7.24200989025636]jd_time:[2460277.1018518517]
sat:48776ECI:[-326.0898941024438, -5627.294552434952, -5068.551125233509, 0.6369597673517516, 4.813121129150721, -5.385791759376056]jd_time:[2460277.1018518517]
sat:48777ECI:[245.12373341441955, -368.2983142100475, -7567.233251801819, 0.6665561643610232, 7.213185214728196, -0.32970233134907573]jd_time:[2460277.1018518517]
sat:48778ECI:[737.7205879920463, 6977.895586966818, -2870.077003396847, 0.002911713987459894, 2.7570397492254757, 6.705872330169926]jd_time:[2460277.1018518517]
sat:48779ECI:[627.9540524364417, 4438.19576049964, -6113.659999413886, 0.37253117117764867, 5.8413961636580956, 4.279376473071775]jd_time:[2460277.1018518517]
sat:48780ECI:[137.14157722673863, -1497.618251659847, -7430.230027339988, 0.6972946174110379, 7.0772086549331465, -1.4140920283615301]jd_time:[2460277.1018518517]
sat:48781ECI:[-733.5560523358968, -6705.770052798122, 3455.5966070287723, -0.06174932197850571, -3.31732500859444, -6.448699323737483]jd_time:[2460277.1018518517]
sat:48782ECI:[-728.9942567257124, -6428.039834646616, 3948.727272289182, -0.11615737179257749, -3.7865521879310293, -6.184292773037443]jd_time:[2460277.1018518517]
sat:48783ECI:[288.5026578522633, 104.16764588659757, -7575.798657480477, 0.6526176673866939, 7.219159763073753, 0.12333516304545326]jd_time:[2460277.1018518517]
sat:48784ECI:[616.9628335727897, 7406.736145249951, 1517.6849157580737, -0.3906259465197609, -1.4229720996415256, 7.097044354680377]jd_time:[2460277.1018518517]
sat:48785ECI:[493.8014587697333, 2530.443609595448, -7129.295184505537, 0.5316068186162115, 6.802742741819302, 2.4514491104306]jd_time:[2460277.1018518517]
sat:48786ECI:[233.74903186045012, -491.00225350859046, -7561.271681031824, 0.6750633785380961, 7.205480065715669, -0.4470341923800249]jd_time:[2460277.1018518517]
sat:48787ECI:[297.310121606759, 202.31735042183826, -7572.088759260455, 0.6497782548120465, 7.21849018418082, 0.21844256907266674]jd_time:[2460277.1018518517]
sat:48788ECI:[648.8145093705772, 7490.280801900127, 964.7159578845343, -0.346610969712088, -0.8963220529653496, 7.187625440622082]jd_time:[2460277.1018518517]
sat:48789ECI:[-714.2312849605033, -7499.792856326728, 829.2626103182122, 0.19089155279137018, -0.815745954136703, -7.20372498149483]jd_time:[2460277.1018518517]
sat:48790ECI:[-559.5061707562306, -3429.4806075510787, 6735.529726123354, -0.46233618274034965, -6.434346708822046, -3.3142680433796814]jd_time:[2460277.1018518517]
sat:48791ECI:[-739.2045094475825, -6937.780243223747, 2960.5385645337356, -0.012880030445240786, -2.846210699971966, -6.6704908435617805]jd_time:[2460277.1018518517]
sat:48792ECI:[-378.0744220020357, -1131.963591571624, 7484.216051916545, -0.6056297782428289, -7.141545471576669, -1.1109374241468073]jd_time:[2460277.1018518517]
sat:48793ECI:[726.6125786177021, 6428.959708600773, -3949.5728822598294, 0.11436933728430407, 3.785400888179859, 6.18391586365538]jd_time:[2460277.1018518517]
sat:48794ECI:[-674.1297896575278, -5228.467301157674, 5444.010442525281, -0.28665717868275575, -5.209406922250221, -5.038904199753163]jd_time:[2460277.1018518517]
sat:48795ECI:[590.2656416023686, 7320.14088879865, 1876.203207995534, -0.41830161219779455, -1.7667536113558997, 7.02081087090436]jd_time:[2460277.1018518517]
sat:48796ECI:[113.14225053217152, 3882.9320039168965, 6509.252471406506, -0.6993692572384606, -6.193478822138343, 3.7058352726490806]jd_time:[2460277.1018518517]
sat:48798ECI:[402.6095154761882, 1412.005352445345, -7437.30628067117, 0.5959938703032565, 7.0935415568058975, 1.3783125805560354]jd_time:[2460277.1018518517]
sat:48799ECI:[710.6830584889177, 7498.528793252354, -854.2440639881767, -0.18939264689365162, 0.8374674391548491, 7.200150956076801]jd_time:[2460277.1018518517]
sat:48800ECI:[-543.2144244540606, -3181.8113806071046, 6857.39791754514, -0.4849728044859663, -6.549107473622693, -3.0775888499321242]jd_time:[2460277.1018518517]
sat:48801ECI:[545.3163271592812, 3238.2042586021994, -6832.728151826009, 0.47644622824560967, 6.523028543617702, 3.1298884292240308]jd_time:[2460277.1018518517]
sat:48967ECI:[-1973.8240348341365, -2316.8376062202824, 6936.222717537994, -3.7891816544584427, -5.463285905989615, -2.902859488849578]jd_time:[2460277.1018518517]
sat:48968ECI:[-4367.411039414106, -6137.535602102108, -803.0840280666906, 0.6617759428656349, 0.47092891329936515, -7.208307293328848]jd_time:[2460277.1018518517]
sat:48969ECI:[-757.0379422678856, 2362.0903513970698, 6054.810755358812, 1.2952193244563914, -7.110993947910193, 2.9355544577746993]jd_time:[2460277.1018518517]
sat:48970ECI:[4246.077355540772, 6027.701280329124, 1740.7062476138692, -1.1821123731241114, -1.2059107775785456, 7.054382627793195]jd_time:[2460277.1018518517]
sat:48971ECI:[1311.8703783449623, 1369.4254884078541, -7335.826221442349, 4.0390563198466305, 5.749895676370475, 1.7955312006793291]jd_time:[2460277.1018518517]
sat:48972ECI:[2049.1412395466587, 3263.719042384633, 6521.697043062148, -3.753175503787923, -4.999397674577014, 3.680207108020282]jd_time:[2460277.1018518517]
sat:48973ECI:[1746.6228272916794, 1992.7403389112624, -7098.7742460457985, 3.885072636227203, 5.580247516466595, 2.5224847338986796]jd_time:[2460277.1018518517]
sat:48974ECI:[4301.337837204003, 6087.3207458317065, 1355.9074547657024, -0.9691074352164141, -0.9052437692120561, 7.13123156961852]jd_time:[2460277.1018518517]
sat:48975ECI:[4359.418792547509, 5972.355298856791, -1651.288301750007, 0.7117817992725283, 1.4350194003567223, 7.0740862993180595]jd_time:[2460277.1018518517]
sat:48976ECI:[3909.543609000567, 5212.236745034331, -3867.310718505376, 1.9726930149863382, 3.1427433144255086, 6.231626683326602]jd_time:[2460277.1018518517]
sat:48977ECI:[-4205.755058101317, -5696.26050198083, 2691.491437317361, -1.302612823474104, -2.2409209736726883, -6.775611396263929]jd_time:[2460277.1018518517]
sat:48978ECI:[-2826.2819931992526, -4294.736206416852, -5565.61951693878, 3.249923332876658, 4.2291337852142235, -4.914611875517671]jd_time:[2460277.1018518517]
sat:48979ECI:[-2784.431765737133, -4239.797777515189, -5627.733020410979, 3.2832616445485443, 4.27923539582594, -4.849438290804143]jd_time:[2460277.1018518517]
sat:48980ECI:[2837.425359701922, 4301.91476725037, 5552.643537813807, -3.2483883451222577, -4.2184873082393395, 4.926574883498326]jd_time:[2460277.1018518517]
sat:48981ECI:[2840.47908172303, 3583.18930654233, -6042.326539280021, 3.2420597715115846, 4.795684699920241, 4.368492593234904]jd_time:[2460277.1018518517]
sat:48982ECI:[4382.593900637417, 6150.557626579923, 600.8079300164512, -0.5503856105482103, -0.3151346035059999, 7.225584382547895]jd_time:[2460277.1018518517]
sat:48983ECI:[3577.5095074718956, -3416.7770227380684, 4252.811707129282, 4.00251726485943, -3.170015843684923, -5.920343150902099]jd_time:[2460277.1018518517]
sat:48984ECI:[3659.1032511925596, 4813.7399078746, -4566.37085402403, 2.3778787866587168, 3.6760754531235453, 5.781825420899059]jd_time:[2460277.1018518517]
sat:48985ECI:[508.000612075396, 1176.0798754553018, 7465.836269639575, -4.205099602789545, -5.788764864461136, 1.197763509699437]jd_time:[2460277.1018518517]
sat:48986ECI:[-3325.3743775248827, -4306.21849147538, 5270.360871554047, -2.789742644185045, -4.215402068102989, -5.203503972547973]jd_time:[2460277.1018518517]
sat:48987ECI:[1103.9417440882257, 1075.6460295257439, -7418.7931949118965, 4.0952716936163105, 5.806808918178525, 1.4510732503661883]jd_time:[2460277.1018518517]
sat:48988ECI:[-4404.5864546834155, -6158.602946777293, -237.61934506996369, 0.3471474564074399, 0.030284855848685906, -7.245764530538833]jd_time:[2460277.1018518517]
sat:48989ECI:[1840.7437726306937, 2124.8003874477176, -7036.113846297907, 3.8494496849336466, 5.53267871169022, 2.6778496502381675]jd_time:[2460277.1018518517]
sat:48990ECI:[-2431.876055106666, -3774.256964745871, -6102.870900080392, 3.533364471888589, 4.659518036548522, -4.290627863768477]jd_time:[2460277.1018518517]
sat:48991ECI:[3895.873457210283, 5636.177009232374, 3231.845252064186, -1.9994062412967317, -2.37796844589284, 6.554892654362686]jd_time:[2460277.1018518517]
sat:48992ECI:[-1537.7304361680092, -1692.2237497584586, 7221.576407175914, -3.968276103972259, -5.670726827680963, -2.1733613503444085]jd_time:[2460277.1018518517]
sat:48993ECI:[4075.5865621643948, 5478.301182410984, -3283.879780735167, 1.6386381917186958, 2.69471792250613, 6.531206682131173]jd_time:[2460277.1018518517]
sat:48994ECI:[-4190.688701624719, -5969.652785174838, -2047.8668025526445, 1.3501186861413423, 1.4449407055627768, -6.978872779679842]jd_time:[2460277.1018518517]
sat:48995ECI:[3987.7831780624083, 5340.356398431028, -3603.0606997067666, 1.8206478166413032, 2.9409189267293425, 6.37508418952811]jd_time:[2460277.1018518517]
sat:48996ECI:[-2817.78494171496, -3547.0795816699097, 6070.418408623477, -3.2636298803746926, -4.819709861416187, -4.3305991186689665]jd_time:[2460277.1018518517]
sat:48997ECI:[-1014.6751946796355, -947.787575394945, 7446.269127493701, -4.122173210664274, -5.825902303183908, -1.303301972430496]jd_time:[2460277.1018518517]
sat:48998ECI:[-1781.25502514745, -2907.1904159980286, -6766.042135287302, 3.873971428750556, 5.197251793879318, -3.253650061653456]jd_time:[2460277.1018518517]
sat:48999ECI:[-1272.0903810725817, -2220.420554257643, -7131.894625686705, 4.053291935641133, 5.498809540224776, -2.4354738531598885]jd_time:[2460277.1018518517]
sat:49000ECI:[-90.15475282413449, -598.9264719877903, -7552.657636150954, 4.2304094585018674, 5.868322017759935, -0.5164796885724505]jd_time:[2460277.1018518517]
sat:49001ECI:[-4341.855707151312, -5948.110461234153, 1776.0901366394273, -0.7825426218765655, -1.5339651066158704, -7.046714999278551]jd_time:[2460277.1018518517]
sat:49002ECI:[-4413.787802770289, -6113.423596080904, 727.0809094538976, -0.19242959838475776, -0.7210765214282799, -7.215713058656692]jd_time:[2460277.1018518517]
sat:49075ECI:[5107.487759482317, -146.2734227308496, -5615.038409753912, -5.336887736525894, 0.5468591010733279, -4.870089024578962]jd_time:[2460277.1018518517]
sat:49076ECI:[5715.0498656013215, -201.60086751186722, -4995.251461183564, -4.744376911848963, 0.519940273231877, -5.450458874251157]jd_time:[2460277.1018518517]
sat:49077ECI:[-6457.9141310779105, -1419.6723378826557, 3688.131668931209, 3.515033643390359, 0.46423133519094173, 6.330962122301103]jd_time:[2460277.1018518517]
sat:49078ECI:[1811.753584089914, -392.2936210911122, 7360.75061183802, 7.020956290402441, -0.40798772842621195, -1.7495453882297858]jd_time:[2460277.1018518517]
sat:49079ECI:[-6027.1442584670485, -1352.7501898920582, 4377.690556091819, 4.1608962416189765, 0.6035494696091829, 5.914039598181261]jd_time:[2460277.1018518517]
sat:49080ECI:[7427.7627708987675, 1467.3772367166023, -82.4825046467796, -0.12736813100773492, 0.2431939547533385, -7.250395009198311]jd_time:[2460277.1018518517]
sat:49081ECI:[-6157.168274553749, -1380.3423847854006, 4184.007748355688, 3.97909468586529, 0.5684735496727714, 6.041201189827433]jd_time:[2460277.1018518517]
sat:49082ECI:[-5199.227426698899, -833.1902869056312, -5442.450158294146, -5.080810248437217, -1.1971150560702704, 5.038080461832869]jd_time:[2460277.1018518517]
sat:49083ECI:[3337.2119097145364, 25.943716088433543, -6820.175590412213, -6.4890700121677085, 0.5534410812343593, -3.174092290221745]jd_time:[2460277.1018518517]
sat:49084ECI:[8.649363606712976, 281.44138779613945, -7568.751480764022, -7.114835574593463, -1.4099347504510658, -0.061168564672555006]jd_time:[2460277.1018518517]
sat:49085ECI:[-7281.291527043318, 424.1043628115659, 2105.1064215481906, 1.9901640025909617, -0.3926425625188568, 6.956691985953562]jd_time:[2460277.1018518517]
sat:49086ECI:[-2594.1533546978108, 436.7715575204221, -7122.580569807158, -6.7913262743386325, 0.36705900978722367, 2.4966018460182084]jd_time:[2460277.1018518517]
sat:49087ECI:[4748.957577758561, 1158.01832120255, -5784.57111672307, -5.470492179680191, -0.9147970265815495, -4.675359159148392]jd_time:[2460277.1018518517]
sat:49088ECI:[934.6263804776409, -93.58832251270015, 7512.102064533035, 7.063342433702604, 1.424299535415129, -0.8606013548736976]jd_time:[2460277.1018518517]
sat:49089ECI:[7020.845163735352, -576.9085656859672, 2830.016548055236, 2.714472741463702, 0.06393994153137873, -6.718136930787528]jd_time:[2460277.1018518517]
sat:49090ECI:[6214.052054744204, -267.9449667393777, -4354.446923248364, -4.132766490070125, 0.5024520034166802, -5.929680432471352]jd_time:[2460277.1018518517]
sat:49091ECI:[-1768.3327196804414, -152.11558741354236, 7380.1084198038525, 7.031079616483724, -0.5346143992666831, 1.6733693041568873]jd_time:[2460277.1018518517]
sat:49092ECI:[-3646.4829725590184, -479.9292145667394, -6619.752706491718, -6.198643983932053, -1.3621989241884518, 3.5141844907453317]jd_time:[2460277.1018518517]
sat:49093ECI:[6234.715718843133, 1378.7547439635237, -4071.3901301526585, -3.871100174730135, -0.5365229343047981, -6.111833785596091]jd_time:[2460277.1018518517]
sat:49094ECI:[6521.937111868044, -296.17347680020924, -3875.9588381376034, -3.676834804600232, 0.4759447472269663, -6.224837584399772]jd_time:[2460277.1018518517]
sat:49095ECI:[-3923.01900628311, -1010.4512390204185, 6395.893289026429, 6.045906400020226, 1.0493413751591243, 3.8731133993441254]jd_time:[2460277.1018518517]
sat:49096ECI:[5470.655119406867, -561.2858980954436, 5232.588236608557, 5.000770848527318, -0.14493868132781088, -5.242801117703193]jd_time:[2460277.1018518517]
sat:49097ECI:[-7286.457550820155, -1499.178463547994, 1408.520237507903, 1.376605600171841, 0.009806147349593468, 7.124291402264031]jd_time:[2460277.1018518517]
sat:49098ECI:[-7205.595861188893, -1490.4229928305579, 1784.9428475270854, 1.7300409048172498, 0.08156172826876942, 7.046078442197917]jd_time:[2460277.1018518517]
sat:49099ECI:[1001.4425926690944, 475.042069718002, -7491.900064689928, -7.051576619121296, -1.3555126450127482, -1.0286692016687742]jd_time:[2460277.1018518517]
sat:49100ECI:[-3297.2852212378466, -904.7855507532331, 6754.154037835478, 6.378111578237809, 1.145942225135305, 3.2665828145022333]jd_time:[2460277.1018518517]
sat:49101ECI:[5548.326537254163, -183.00713954561755, -5180.240294515049, -4.9215611840725035, 0.5255091032949318, -5.290700940647128]jd_time:[2460277.1018518517]
sat:49102ECI:[-1316.0649178796225, 168.75036322956075, 7448.865163498189, 6.7425025963779035, -2.383521309278519, 1.2455233264694507]jd_time:[2460277.1018518517]
sat:49103ECI:[4237.518057669082, -516.2325509714202, 6276.1875208660385, 5.9933868427976815, -0.25466832413147655, -4.066815653325816]jd_time:[2460277.1018518517]
sat:49104ECI:[-5711.457304821579, 2139.8837380927785, -4481.341514031212, -4.1335898691339406, 1.1987325734826526, 5.842756493748058]jd_time:[2460277.1018518517]
sat:49105ECI:[2065.9492562259647, 141.80477514607097, 7281.625162423284, 6.836768772139904, 1.4329361791223438, -1.9668240550175222]jd_time:[2460277.1018518517]
sat:49106ECI:[4538.115175535714, -83.10701442862991, -6087.137577786991, -5.7875652776751485, 0.5499438403316066, -4.323036474173035]jd_time:[2460277.1018518517]
sat:49107ECI:[7198.067529960762, 1361.7394302492532, 1913.5194625596082, 1.7511971955826828, 0.6078799920440635, -7.015026563159433]jd_time:[2460277.1018518517]
sat:49108ECI:[7126.491333658166, 1486.2936545693194, -2083.827997812716, -2.007691164926035, -0.13915489408511555, -6.970485671981273]jd_time:[2460277.1018518517]
sat:49186ECI:[-5335.057288075706, 3448.33080873653, 4149.087048094328, 3.154116067330635, -2.416670956182474, 6.062316224271656]jd_time:[2460277.1018518517]
sat:49187ECI:[6017.834515475287, -2239.13738004218, 4004.5111241308746, 3.705899558251333, -1.0467589445871988, -6.152119472745043]jd_time:[2460277.1018518517]
sat:49188ECI:[-1308.7034116600942, 738.8950343381297, -7418.2814227716235, -6.7419496808639146, 2.2788335688282673, 1.416931051273894]jd_time:[2460277.1018518517]
sat:49189ECI:[6219.486939719543, -4176.524097143592, -1205.0792426368798, -0.8039591513694513, 0.8640989611741012, -7.150998828627922]jd_time:[2460277.1018518517]
sat:49190ECI:[5690.466026246822, -1778.8260106647729, -4662.459286918234, -4.161475385479633, 1.6520868241020479, -5.710715110952623]jd_time:[2460277.1018518517]
sat:49191ECI:[-64.7452845191038, 1892.7443753947045, -7319.625325481076, -1.29038254816322, 6.914526655853438, 1.7998390253165248]jd_time:[2460277.1018518517]
sat:49192ECI:[-5904.4755944085, 3900.3485867691224, 2737.6647124544984, 2.0240062191558366, -1.678487098425495, 6.754251117338674]jd_time:[2460277.1018518517]
sat:49193ECI:[2819.4338796898446, -1241.790374534483, 6910.434183540287, 6.305043824283133, -2.0679879939204517, -2.9436576183012297]jd_time:[2460277.1018518517]
sat:49194ECI:[-5194.869638087373, 1593.5786169487162, 5266.083463811391, 4.715892567324144, -1.830544742905249, 5.205132891852342]jd_time:[2460277.1018518517]
sat:49195ECI:[5982.390952801122, -2216.7923167713648, 4069.3028818628886, 3.76611033900664, -1.062566645213751, -6.112856548222093]jd_time:[2460277.1018518517]
sat:49196ECI:[-5299.953217746917, 2023.7875465907446, -5010.2708441526975, -4.606579513461707, 1.3830448163091373, 5.433475703619204]jd_time:[2460277.1018518517]
sat:49197ECI:[-1997.6551225541396, 1037.1228371863724, 7244.752637319794, 5.684093368572095, -3.9608036840367102, 2.133807946974723]jd_time:[2460277.1018518517]
sat:49198ECI:[2659.3032916871, -647.9496973794706, -7056.948331231899, -6.366453702160065, 2.3028714941808706, -2.6109785855397134]jd_time:[2460277.1018518517]
sat:49199ECI:[6257.944556094818, -4221.296885611132, -772.6681792716932, -0.46127511177389807, 0.6333526001068767, -7.205229790061902]jd_time:[2460277.1018518517]
sat:49200ECI:[1348.1665540550778, -7344.17542249713, -1179.8185245042805, 0.05830995437558368, 1.1617612410512732, -7.167825719845769]jd_time:[2460277.1018518517]
sat:49201ECI:[-2117.953156435302, 1121.439684302701, 7197.967820930881, 5.643685061582293, -3.940361929001918, 2.274008974428685]jd_time:[2460277.1018518517]
sat:49202ECI:[5237.83871463815, -3372.4954551820397, -4334.706748654739, -3.301000774942537, 2.5104058387205743, -5.9427905383692865]jd_time:[2460277.1018518517]
sat:49203ECI:[6262.003804224212, -4232.843778882758, -666.2218844759536, -0.37647251217839856, 0.5765116440591097, -7.215133012281705]jd_time:[2460277.1018518517]
sat:49204ECI:[275.43583457156495, -2995.6740163068653, 6934.590647856748, 1.2674530952117808, -6.545856473853418, -2.8781155829294764]jd_time:[2460277.1018518517]
sat:49205ECI:[603.4246039555285, -744.6259178895527, 7525.530000256379, 5.967885563936031, -4.020789372304073, -0.8763554757145715]jd_time:[2460277.1018518517]
sat:49206ECI:[-798.4122663522938, 565.5153303461829, -7505.672973163739, -6.814998298311242, 2.323238727356755, 0.9002185767554869]jd_time:[2460277.1018518517]
sat:49207ECI:[-2493.387789070189, 1133.3997216674907, -7056.484824746608, -6.427832317521723, 2.1232457133193994, 2.612264908824094]jd_time:[2460277.1018518517]
sat:49208ECI:[33.56069522985479, 1355.7924462951314, -7438.294216732072, -1.2971718985166374, 7.028707568561519, 1.2751869049271114]jd_time:[2460277.1018518517]
sat:49209ECI:[5180.52817865648, -1990.2162958497474, 5143.36349874711, 4.7296091322692, -1.4323769118980803, -5.316715758581233]jd_time:[2460277.1018518517]
sat:49210ECI:[-6116.123674144516, 4228.0245715738, -1517.7665544175347, -1.3446717513742352, 0.5998120743034081, 7.096354638164892]jd_time:[2460277.1018518517]
sat:49211ECI:[-88.70049726784515, -276.27099975815406, 7581.060149267851, 5.993698635972422, -4.076861348114902, -0.07859933600608823]jd_time:[2460277.1018518517]
sat:49212ECI:[-3990.6483344270896, 1618.5062772506765, -6224.824145388811, -5.691922031136118, 1.8092380039823843, 4.120674535324094]jd_time:[2460277.1018518517]
sat:49213ECI:[-330.8747144789918, 3285.869182021884, -6802.565474056636, -1.2529764196625572, 6.414297852978001, 3.1601012128830295]jd_time:[2460277.1018518517]
sat:49214ECI:[-4876.647015965355, 3105.262398155735, 4913.725537842043, 3.7683699140876, -2.8131421918294555, 5.5159277304198016]jd_time:[2460277.1018518517]
sat:49215ECI:[-1317.141303134509, 6821.929277921656, 2979.853719772677, 0.2605432431030411, -2.8632619539385797, 6.667726539743885]jd_time:[2460277.1018518517]
sat:49216ECI:[6047.980933130245, -4196.60654513024, 1840.1771533290548, 1.6000190275246469, -0.7768065881235968, -7.02638408964098]jd_time:[2460277.1018518517]
sat:49217ECI:[-837.7931147849304, 5749.511008411766, -4838.607007807178, -1.0087398667806364, 4.542248731448957, 5.573038916635682]jd_time:[2460277.1018518517]
sat:49218ECI:[-1682.851932312089, 819.5856939751036, 7351.572846448933, 5.77413917846141, -4.010278649263135, 1.768460260510882]jd_time:[2460277.1018518517]
sat:49219ECI:[489.04756126822826, -4081.533381562723, 6343.174670966971, 1.205049888074137, -5.980263782081063, -3.9403992282935407]jd_time:[2460277.1018518517]
sat:49279ECI:[-2543.5968172989847, 4936.755723523135, 5164.194044322014, 1.9353972279110638, -4.550402231874358, 5.302052749556929]jd_time:[2460277.1018518517]
sat:49280ECI:[898.0913099160441, -6013.082474130259, 4492.2737522359985, 0.9603536591171425, -4.215862865579408, -5.834136136020569]jd_time:[2460277.1018518517]
sat:49281ECI:[-198.8585823730764, 2603.896173196835, -7096.119322849475, -1.2766849601592491, 6.697607393406732, 2.4933917763343545]jd_time:[2460277.1018518517]
sat:49282ECI:[1858.2015135280028, -3371.7620199592243, -6535.337052055837, -2.5471493587491563, 5.708487113300881, -3.6700152665445507]jd_time:[2460277.1018518517]
sat:49283ECI:[539.7442024041046, -1507.2689687004977, -7390.240171317423, -1.182842855213376, 7.000713012361016, -1.5139005896504714]jd_time:[2460277.1018518517]
sat:49284ECI:[-80.63948846642515, -1106.5382120561437, 7476.550956808187, 1.286329712868584, -7.072826379383584, -1.032862176075082]jd_time:[2460277.1018518517]
sat:49285ECI:[1135.7403096695093, -6976.510231717819, 2678.9470364479744, 0.6919455395986654, -2.494047025555156, -6.7852278604146425]jd_time:[2460277.1018518517]
sat:49286ECI:[-579.0878439404821, 1741.0399343307906, 7332.555392858034, 1.1665152274139776, -6.953157414021696, 1.7424472728138403]jd_time:[2460277.1018518517]
sat:49287ECI:[-1233.1640825467982, 7293.228868007431, -1563.492607463151, -0.5158477565476854, 1.4335517681145538, 7.099331268935502]jd_time:[2460277.1018518517]
sat:49288ECI:[-1353.700246772064, 1171.279529776397, 7348.104325385069, 4.54170699210769, -5.403852818898283, 1.6974908338863957]jd_time:[2460277.1018518517]
sat:49289ECI:[-35.828872926222814, -1349.8120581214937, 7437.106884595192, 1.290922989211342, -7.032998582908276, -1.270032142249549]jd_time:[2460277.1018518517]
sat:49290ECI:[-844.1682088735727, 3361.9043611618613, 6717.417115354496, 1.0089802403216948, -6.379914635569678, 3.3191375194942605]jd_time:[2460277.1018518517]
sat:49291ECI:[4006.289741489334, -4425.028479179603, -4646.448403098136, -2.741012598626669, 3.5255461611443186, -5.722549946253395]jd_time:[2460277.1018518517]
sat:49292ECI:[-1632.6868328097817, 3992.051852447588, -6239.183603656097, -2.6857025852560774, 5.3300666762502384, 4.113822487802443]jd_time:[2460277.1018518517]
sat:49293ECI:[-1278.5327869814273, 7405.280089365571, -825.5538854215442, -0.3962158262598696, 0.7347555451223168, 7.212959436245068]jd_time:[2460277.1018518517]
sat:49294ECI:[-618.5162590827488, 4711.80427008562, -5879.93007169688, -1.1496056964121768, 5.53452714661576, 4.557182268219853]jd_time:[2460277.1018518517]
sat:49295ECI:[-1288.4778555308417, 1099.376600165292, 7370.707193399223, 4.546896246760938, -5.428147611341704, 1.6042423656527358]jd_time:[2460277.1018518517]
sat:49296ECI:[-181.6437525243455, -546.6198938378058, 7536.770101074015, 1.2792340870626118, -7.132212680312147, -0.48675469165821184]jd_time:[2460277.1018518517]
sat:49297ECI:[-4835.441996706177, 5563.362496701352, 1696.6396760529874, 0.8637544359956286, -1.406463197363949, 7.0692901456245]jd_time:[2460277.1018518517]
sat:49298ECI:[-515.6510611488021, 4218.801341819821, -6253.219180070916, -1.1925710729056596, 5.890793914422717, 4.072877334648416]jd_time:[2460277.1018518517]
sat:49299ECI:[1104.8817804355356, -5110.489175879011, -5461.554545059163, -0.7351290512243521, 5.198904588383387, -5.0143167905999295]jd_time:[2460277.1018518517]
sat:49300ECI:[-2433.2309230970063, 4683.0635928092815, 5445.546369649299, 2.057895427308358, -4.790577899840019, 5.038199361610758]jd_time:[2460277.1018518517]
sat:49301ECI:[179.72238514718262, 557.9555924962489, -7538.775508333024, -1.2788952060835856, 7.12881504264709, 0.49732497276602083]jd_time:[2460277.1018518517]
sat:49302ECI:[-2964.6066291544043, 3793.2960723724773, -5834.964548801292, -3.768408048018716, 4.148741418665119, 4.612322413847107]jd_time:[2460277.1018518517]
sat:49303ECI:[-1033.546084616206, 6590.42916420372, -3559.4383625897663, -0.8243368972145935, 3.3264652962886574, 6.400217481030572]jd_time:[2460277.1018518517]
sat:49304ECI:[1199.9855625343778, -5800.88062749808, -4698.23150976691, -0.5832838336447567, 4.480962207861569, -5.682943613652974]jd_time:[2460277.1018518517]
sat:49305ECI:[1600.3310840568365, -3928.8269594512008, 6285.257763938971, 2.7031895729912145, -5.374477336424762, -4.047191147216996]jd_time:[2460277.1018518517]
sat:49306ECI:[-4525.286653713326, 5439.671423938384, -2675.1434458805606, -1.8564627559477176, 1.7905512459653738, 6.7848810278246505]jd_time:[2460277.1018518517]
sat:49307ECI:[1195.5319644359427, -7202.442013424568, 1959.432326476127, 0.5769199836047469, -1.8119951492383244, -7.008361801465812]jd_time:[2460277.1018518517]
sat:49308ECI:[314.10522522822885, -199.28595052545705, -7552.17775440585, -1.2549099135738393, 7.1465411618108075, -0.24059045107164803]jd_time:[2460277.1018518517]
sat:49309ECI:[3174.2012218650284, -6814.077819715832, 1003.9066319336822, 0.6487652880391542, -0.7568451101690192, -7.180894631296925]jd_time:[2460277.1018518517]
sat:49310ECI:[841.6648635747075, -3354.105487565561, -6724.498604433191, -1.0071599012628274, 6.382207448374309, -3.310138465660801]jd_time:[2460277.1018518517]
sat:49311ECI:[273.7934567810101, -2993.0316594194346, 6935.412645300429, 1.2651108022102053, -6.547978354840207, -2.8751874116862983]jd_time:[2460277.1018518517]
sat:49312ECI:[932.0980669747239, -6157.363520479505, 4285.023665501688, 0.9322369047218043, -4.019011391434951, -5.975969063565218]jd_time:[2460277.1018518517]
sat:49313ECI:[479.6549222344213, -4018.0551995954647, 6384.644000282672, 1.2146006049487366, -6.018499804145974, -3.878215731866807]jd_time:[2460277.1018518517]
sat:49314ECI:[3897.002635969658, -4798.7424255359265, 4357.481996944079, 2.885197829483262, -3.040733932614046, -5.927566077325065]jd_time:[2460277.1018518517]
sat:50469ECI:[1849.5795515724005, 93.35323034779975, 7340.369073415172, 6.895902763407048, 1.4243511209429078, -1.755152627033142]jd_time:[2460277.1018518517]
sat:50470ECI:[6408.046721618168, 1414.3635202813982, -3778.643056401951, -3.596450816728168, -0.48315643712498074, -6.282234681288541]jd_time:[2460277.1018518517]
sat:50471ECI:[-7004.186458012969, -1292.5352425173708, -2570.402886819141, -2.368234463274255, -0.721257077014562, 6.819869897006822]jd_time:[2460277.1018518517]
sat:50472ECI:[-2428.3023009156636, -743.2684990960286, 7131.791024415054, 6.728412754484372, 1.2390504374109286, 2.4197495931006143]jd_time:[2460277.1018518517]
sat:50473ECI:[-2129.298519673854, -689.587214626211, 7232.244790375161, 6.819506233195262, 1.2733647237418169, 2.1288226904836685]jd_time:[2460277.1018518517]
sat:50474ECI:[4556.458133029209, -1343.390234530418, -5892.681447648999, -5.290632253829399, 1.9970917934396366, -4.547010383745891]jd_time:[2460277.1018518517]
sat:50475ECI:[6803.696419293595, 3359.5424761176437, 349.03082015422945, 0.18176588109268146, 0.38620557696662616, -7.23133481524696]jd_time:[2460277.1018518517]
sat:50476ECI:[2087.5273627318197, -996.0662207874136, 7204.500805353699, 6.564477310962817, -2.1777824358931275, -2.202623052098961]jd_time:[2460277.1018518517]
sat:50477ECI:[-1798.373970277741, 900.0326599595489, -7297.0641642469745, -6.640450667268244, 2.215364422797389, 1.9103726878552412]jd_time:[2460277.1018518517]
sat:50478ECI:[1572.6391072549206, 476.22541286058964, 7414.153222398456, 6.316800062334447, 3.1955703172414887, -1.5449490828928996]jd_time:[2460277.1018518517]
sat:50479ECI:[6731.241682581433, 3288.2035379942863, 1257.0244302803865, 0.9591335233500792, 0.7681790801949188, -7.138708644631336]jd_time:[2460277.1018518517]
sat:50480ECI:[-6609.093877312899, 2161.728894998034, 2985.703088855854, 2.6313940273673464, -1.1621322823896942, 6.663329447069787]jd_time:[2460277.1018518517]
sat:50481ECI:[-4645.25550915363, 1819.3190830275996, -5691.490888474675, -5.218768217687683, 1.615009560225509, 4.776849175330826]jd_time:[2460277.1018518517]
sat:50482ECI:[-7055.317725142732, 2378.732841664143, 1353.8185815538081, 1.1446022380552754, -0.6683424873484994, 7.135617389740827]jd_time:[2460277.1018518517]
sat:50483ECI:[4865.257499982512, -1467.991401942153, -5609.353181879228, -5.02714892847169, 1.9263488200595755, -4.865216075688242]jd_time:[2460277.1018518517]
sat:50484ECI:[4006.520501012267, 2232.2609313102644, -6056.731100794674, -5.248388041873365, -2.4206812879292334, -4.364675268599279]jd_time:[2460277.1018518517]
sat:50485ECI:[336.7212298639453, 173.712216964169, -7559.295294786355, -6.84929881554297, 2.3833999806614083, -0.2497767285698506]jd_time:[2460277.1018518517]
sat:50486ECI:[7025.04508706233, -2480.074079344738, 1330.3128576618933, 1.292576688710483, -0.17268470342132972, -7.139352630415006]jd_time:[2460277.1018518517]
sat:50487ECI:[1753.0125333922567, -321.3011956093234, -7356.2762073963295, -6.652289715395325, 2.3558654174246074, -1.6882334300876165]jd_time:[2460277.1018518517]
sat:50488ECI:[-5786.038232143314, -2698.8860701283156, -4116.30372536722, -3.418942441657337, -1.9435513729672884, 6.08284032257552]jd_time:[2460277.1018518517]
sat:50489ECI:[-6747.380415621613, 2429.534920388873, -2416.056271774789, -2.2713293712175924, 0.5226158632029884, 6.8733363013412285]jd_time:[2460277.1018518517]
sat:50490ECI:[-4963.853256180388, 1915.5971547371203, -5382.275596918326, -4.942713720968623, 1.5061775859014248, 5.095692959983939]jd_time:[2460277.1018518517]
sat:50491ECI:[-5546.750236317811, 2091.592057045972, -4705.149933164636, -4.334668223122897, 1.2753034728517896, 5.678725648595161]jd_time:[2460277.1018518517]
sat:50492ECI:[-611.9863527519966, -79.54709573852745, 7541.179872220089, 6.838321814379179, -2.3764389342314782, 0.5297748745934289]jd_time:[2460277.1018518517]
sat:50493ECI:[-1350.7089788789287, 751.575389203379, -7409.9583058260005, -6.734747468344725, 2.272426928640767, 1.4585318760898582]jd_time:[2460277.1018518517]
sat:50494ECI:[6882.959580279343, -2452.539372015001, 1968.4183668022092, 1.8699762837313727, -0.37683141420434735, -7.00276416705101]jd_time:[2460277.1018518517]
sat:50495ECI:[6887.232837383382, -2443.8958113924323, 1965.4387962835438, 1.8671068313566075, -0.37320490062738176, -7.003404373365624]jd_time:[2460277.1018518517]
sat:50496ECI:[4528.086519214884, -1784.0987719461834, 5794.56662551112, 5.313674210790513, -1.6523313599670695, -4.659735174062551]jd_time:[2460277.1018518517]
sat:50497ECI:[6719.140640796824, -2412.0136072771115, 2509.2631958077664, 2.3589627939821622, -0.5503326494756935, -6.8420121901073205]jd_time:[2460277.1018518517]
sat:50498ECI:[1640.03894717774, -845.9273824756876, 7337.932492659836, 6.681954722665678, -2.2315221364560687, -1.7499369738513844]jd_time:[2460277.1018518517]
sat:50499ECI:[-1396.3841375926875, 767.1095968954868, -7399.654828242901, -6.726208025066274, 2.2682581261602457, 1.5048079559373877]jd_time:[2460277.1018518517]
sat:50500ECI:[-477.7442675684011, -124.76891202771361, 7550.448527637372, 6.84408606872566, -2.3855386707467323, 0.3936950235210212]jd_time:[2460277.1018518517]
sat:50501ECI:[4589.25744424671, -1355.6548767993247, -5864.074669792799, -5.264516467269336, 1.989243031323216, -4.580961348821813]jd_time:[2460277.1018518517]
sat:50502ECI:[2073.284543327661, -437.9373669299857, -7266.340222695032, -6.56390340402991, 2.347368734004674, -2.014740985294704]jd_time:[2460277.1018518517]
sat:50503ECI:[6455.064350220444, -2348.1922060546267, 3176.6874192428086, 2.960908651024401, -0.7673536980805734, -6.581319897453983]jd_time:[2460277.1018518517]
sat:50504ECI:[7082.556613347289, -2475.7126419564634, 988.9375772795383, 0.9832263178094608, -0.06200119356853467, -7.190423677669767]jd_time:[2460277.1018518517]
sat:51622ECI:[-3729.2265422035994, -982.525865763257, 6513.330408515186, 6.1556806879301, 1.086182603238204, 3.688345569889833]jd_time:[2460277.1018518517]
sat:51623ECI:[-4093.267394889726, -3863.057651684608, 5105.471767101699, 3.7819533728020365, 3.0748197432356266, 5.357547489847191]jd_time:[2460277.1018518517]
sat:51624ECI:[5253.819382300049, 4486.061481487046, 3165.712930231436, 2.1032998646789607, 2.1810602677918, -6.578401002352561]jd_time:[2460277.1018518517]
sat:51625ECI:[-3088.297570282158, -2401.4447951414213, -6516.555661755807, -4.5707158785807005, -4.209461638579992, 3.718367746342097]jd_time:[2460277.1018518517]
sat:51626ECI:[5568.289639086669, 1289.7237722664004, -4967.031886660389, -4.709369277389513, -0.7320365772655723, -5.470026605732683]jd_time:[2460277.1018518517]
sat:51627ECI:[314.6316115714774, 341.25353967326987, -7559.3214490661585, -7.111186053380818, -1.3863766038947314, -0.35838335180634984]jd_time:[2460277.1018518517]
sat:51628ECI:[-3774.352812863603, -3604.21761009451, 5522.592687132406, 4.070286527051181, 3.3502713193306013, 4.967634333784915]jd_time:[2460277.1018518517]
sat:51629ECI:[-5516.917208013227, -4755.054551717637, -2170.6636545468205, -1.3835473676941388, -1.5593133037135536, 6.935592791011613]jd_time:[2460277.1018518517]
sat:51630ECI:[5066.917190210689, 4283.295724775231, 3704.9834751904123, 2.4980896212300614, 2.51092590274817, -6.317661455122503]jd_time:[2460277.1018518517]
sat:51631ECI:[5337.403023303059, 4836.114410666039, -2427.5734758724693, -1.9007357377823675, -1.3430370003030696, -6.857239630585636]jd_time:[2460277.1018518517]
sat:51632ECI:[-5599.319524418571, -4865.286080052316, -1653.321705497294, -1.0088758342696402, -1.2380641532935492, 7.063903548787217]jd_time:[2460277.1018518517]
sat:51633ECI:[-3475.417505281432, -931.3314791552082, 6661.259278475132, 6.292424841350575, 1.112988705819148, 3.4384118084460247]jd_time:[2460277.1018518517]
sat:51634ECI:[5075.874843205554, 4641.056759914454, -3235.4544175723045, -2.4709849921562097, -1.8605546668583028, -6.547374056561365]jd_time:[2460277.1018518517]
sat:51635ECI:[-2480.8452314258375, -2519.479782198877, 6725.951797400104, 4.892203047410991, 4.152485174937084, 3.3596263021999344]jd_time:[2460277.1018518517]
sat:51636ECI:[5692.773837908885, 1310.9396650802514, -4819.538759897721, -4.569364603691681, -0.7023996460219792, -5.590208988754021]jd_time:[2460277.1018518517]
sat:51637ECI:[-7408.123170277709, -1454.8635790000353, -575.4703933621646, -0.4891293769194327, -0.3648803214142068, 7.230104042316431]jd_time:[2460277.1018518517]
sat:51638ECI:[5635.618245736466, 4911.705087422752, 1369.5681036304898, 0.8060045847514857, 1.0615706795364972, -7.118230345882531]jd_time:[2460277.1018518517]
sat:51639ECI:[5595.893019093963, 4990.745641729718, -1242.2449381571266, -1.0614937978142969, -0.5848644261845654, -7.139563189906561]jd_time:[2460277.1018518517]
sat:51640ECI:[5295.613566874245, 4794.306203208728, -2595.699145259977, -2.0214251867287025, -1.4479119336744837, -6.8013129273047825]jd_time:[2460277.1018518517]
sat:51641ECI:[5698.369279923449, 5013.118107836031, 400.00006026003626, 0.11055383762287885, 0.45245514898271677, -7.226821961754188]jd_time:[2460277.1018518517]
sat:51642ECI:[-3670.4544811385463, -3519.383336342908, 5646.325567470982, 4.1547963191584625, 3.4323755499161863, 4.839604111198528]jd_time:[2460277.1018518517]
sat:51643ECI:[-5426.033790606056, -885.8818099749011, -5207.251898922434, -4.85830999942112, -1.1602999950733215, 5.261589049380933]jd_time:[2460277.1018518517]
sat:51644ECI:[6137.542165141578, 1378.8692861556115, -4216.820914788567, -4.005976885860801, -0.5755635653575459, -6.020412725526318]jd_time:[2460277.1018518517]
sat:51645ECI:[5856.244260463868, -345.707257595479, -4158.653752384119, -4.278780941209254, 0.6457308978222449, -6.060845659597615]jd_time:[2460277.1018518517]
sat:51646ECI:[-244.73556179177757, -586.9625968193975, 7572.208466996063, 5.433275061145585, 4.75866340857123, 0.5446125307091976]jd_time:[2460277.1018518517]
sat:51647ECI:[2710.111628662984, 2059.377158388004, 6793.837565718819, 4.779353988492209, 4.378471314198103, -3.2325799346961213]jd_time:[2460277.1018518517]
sat:51648ECI:[-5503.288022503074, -4751.9553099877385, -2211.096473886284, -1.4109419662065856, -1.5861016787458853, 6.924130854665163]jd_time:[2460277.1018518517]
sat:51649ECI:[-4361.628765776971, -1092.2563205720069, 6090.788753781092, 5.760670589908822, 0.9858696170038912, 4.301385123280302]jd_time:[2460277.1018518517]
sat:51650ECI:[4861.385316190023, 1180.1635041868947, -5685.371504743206, -5.3780648144539125, -0.8959845476410261, -4.785489912983969]jd_time:[2460277.1018518517]
sat:51651ECI:[4918.180011701203, 4511.230722563248, -3636.7997227517676, -2.755916736920498, -2.1163584764539527, -6.353508037393698]jd_time:[2460277.1018518517]
sat:51652ECI:[-5599.13558797754, -5002.1403118190565, 1174.0702436242454, 1.0141718961644157, 0.5445811644635447, 7.15054444156053]jd_time:[2460277.1018518517]
sat:51653ECI:[5066.577717267731, 4632.843373442319, -3261.068526298581, -2.489152954378469, -1.8766515158280757, -6.536170480630219]jd_time:[2460277.1018518517]
sat:51654ECI:[492.3702831263186, 63.75179444712528, 7582.464132805383, 5.4112000275084196, 4.798963531982494, -0.3914115820414977]jd_time:[2460277.1018518517]
sat:51655ECI:[-7331.354124970508, -1490.4882768904595, 1163.7840244249985, 1.146030286843043, -0.03864468715262384, 7.164848606926262]jd_time:[2460277.1018518517]
sat:54113ECI:[2951.127795392611, -3102.8881004546524, -6235.955086147508, -3.777365741062211, 4.647596139987575, -4.10094991836695]jd_time:[2460277.1018518517]
sat:54114ECI:[1812.984754398039, -2506.38182665212, 6901.257397963501, 4.390358074705141, -4.968938623333009, -2.9575905947019483]jd_time:[2460277.1018518517]
sat:54115ECI:[4153.011169042349, -5065.545477127334, 3781.4647982686733, 2.5350947157979715, -2.61167995704376, -6.281366020616205]jd_time:[2460277.1018518517]
sat:54116ECI:[-3819.835916054846, 4718.4310229091125, -4513.042998470541, -2.977095212544255, 3.1551628404633147, 5.819849059915981]jd_time:[2460277.1018518517]
sat:54117ECI:[4796.837135448577, -5685.25045081898, 1372.760744915842, 1.0547347123647581, -0.834057721066573, -7.133475116488208]jd_time:[2460277.1018518517]
sat:54118ECI:[4492.082679840492, -5411.00460503238, 2784.2293565531145, 1.9247128133897369, -1.8743019292485579, -6.744101047753686]jd_time:[2460277.1018518517]
sat:54119ECI:[4912.343261161517, -5702.843574102804, -749.5074169674629, -0.26789665206218755, 0.7170909053526577, -7.2186784799501735]jd_time:[2460277.1018518517]
sat:54120ECI:[-1044.473648346607, 1630.8160751867924, -7312.875526620539, -4.613230093870984, 5.293101850592437, 1.8396286454976243]jd_time:[2460277.1018518517]
sat:54121ECI:[-1028.9274051537377, 1613.2988974098648, -7319.284971532756, -4.615746748628714, 5.298204656744041, 1.8173020516539462]jd_time:[2460277.1018518517]
sat:54122ECI:[4898.419479501899, -5672.57224490767, -1021.7825314758534, -0.4384013509287492, 0.9149640888891476, -7.187814781681479]jd_time:[2460277.1018518517]
sat:54123ECI:[3214.6204723103915, -4068.6120403490977, 5506.368019035218, 3.573989744630673, -3.902844341241903, -4.969593374245009]jd_time:[2460277.1018518517]
sat:54124ECI:[-1675.6429320003633, 1556.735469664761, 7208.904233415054, 4.439664678346063, -5.3151562398379495, 2.179080669998298]jd_time:[2460277.1018518517]
sat:54125ECI:[-3772.4662022451207, 4670.202787345276, -4602.099347299355, -3.030118235036042, 3.2225651401678705, 5.75525065911142]jd_time:[2460277.1018518517]
sat:54126ECI:[-3452.133792295324, 4326.183316806361, -5156.252754868272, -3.363808813763442, 3.637531832232187, 5.305101442190923]jd_time:[2460277.1018518517]
sat:54127ECI:[-3850.197678499246, 4225.798852502806, 4951.878304522176, 2.9400360717343657, -3.745031402126473, 5.480690783964989]jd_time:[2460277.1018518517]
sat:54128ECI:[-551.9381867973739, 4406.587916601588, -6119.172409068176, -1.1731589569822287, 5.763465423910605, 4.256543201206473]jd_time:[2460277.1018518517]
sat:54129ECI:[4380.342964207258, -5301.401056273284, 3149.091601483344, 2.1480936492815856, -2.144305216771887, -6.594608071399112]jd_time:[2460277.1018518517]
sat:54130ECI:[1756.903067531653, -1661.4310547686864, -7167.776682540494, -4.3981750901764896, 5.294211566143008, -2.305321858488227]jd_time:[2460277.1018518517]
sat:54131ECI:[-484.3672669422452, 985.3835774138275, -7484.671199402228, -4.698082476441595, 5.438047566576681, 1.0204622575775253]jd_time:[2460277.1018518517]
sat:54132ECI:[-2721.098637862592, 3525.910932817094, -6115.263921433928, -3.932193935970885, 4.361688945069692, 4.265324001804852]jd_time:[2460277.1018518517]
sat:54133ECI:[-1226.4087797331522, 7285.047861426738, -1609.8557206338737, -0.5222346614028263, 1.4767975198354186, 7.089296419399981]jd_time:[2460277.1018518517]
sat:54134ECI:[535.9261723618168, -204.83760778507278, -7543.172525087288, -4.693704973028087, 5.515297021817902, -0.48337238457778087]jd_time:[2460277.1018518517]
sat:54135ECI:[-108.55091824806016, -295.83276052114905, 7556.358594071691, 4.720803060142885, -5.513938152139556, -0.14792802386267184]jd_time:[2460277.1018518517]
sat:54136ECI:[-2447.934696623562, 2487.1425238374904, 6709.521029815958, 4.097117568920405, -4.977444610238277, 3.3394259460821103]jd_time:[2460277.1018518517]
sat:54137ECI:[-3342.147053496744, 3588.894280925686, 5757.505852337215, 3.463275594632907, -4.315805946584418, 4.699987235311922]jd_time:[2460277.1018518517]
sat:54138ECI:[-4870.368163659608, 5739.031741126369, -745.5945054262409, -0.6643456435060631, 0.37319348324909357, 7.219203292489622]jd_time:[2460277.1018518517]
sat:54139ECI:[2757.1202550203984, -2864.669126802918, -6436.0487341654625, -3.9100295378804732, 4.786206208478851, -3.8058993637469873]jd_time:[2460277.1018518517]
sat:54140ECI:[1878.9318984031065, -1799.7521924612538, -7103.356235753295, -4.363844260546768, 5.2418316792771265, -2.482824718009671]jd_time:[2460277.1018518517]
sat:54141ECI:[743.5865656569351, -5319.245887157327, 5317.913621068828, 1.0742523312866397, -5.003703682276456, -5.153353435579512]jd_time:[2460277.1018518517]
sat:54142ECI:[1093.1079063048019, -5033.4411904486815, -5533.886710484137, -0.7484904232235665, 5.267590305751508, -4.941242667179491]jd_time:[2460277.1018518517]
sat:54143ECI:[15.040064912777472, -440.03743916575775, 7549.95687002443, 4.721448348479082, -5.50559775169653, -0.3300195711866396]jd_time:[2460277.1018518517]
sat:54144ECI:[-4517.802676250543, 5435.311910592967, -2695.636122313637, -1.8685932236851808, 1.8066614966534065, 6.77757641962861]jd_time:[2460277.101863426]
sat:54145ECI:[-4377.608662704662, 5297.392737640707, -3161.0947374758653, -2.154139948677424, 2.151148063577943, 6.589745633855387]jd_time:[2460277.101863426]
sat:54146ECI:[-1144.096280056471, 7019.003692554156, -2568.1907119716034, -0.6723549122911923, 2.385696327521495, 6.8238269135489915]jd_time:[2460277.101863426]
sat:54147ECI:[1748.1887201785653, -1643.9550989542417, -7174.506355959925, -4.411739309077512, 5.289884107992109, -2.287637606853276]jd_time:[2460277.101863426]
sat:54148ECI:[86.0727914415568, -1998.5296676208413, 7288.547018824124, 1.292362319611079, -6.888816039142251, -1.903898764247304]jd_time:[2460277.101863426]
sat:54642ECI:[-2396.1430561313614, -6053.662917490784, 3832.5502041877144, -1.0713349482201946, -3.5363976665385306, -6.254063211367995]jd_time:[2460277.101863426]
sat:54643ECI:[-2091.3686911837244, -5079.799313522388, 5186.4568680007005, -1.561911990983113, -4.743589576709027, -5.27496641078416]jd_time:[2460277.101863426]
sat:54644ECI:[106.33133256498361, 1062.4114088534188, 7478.544392580186, -2.5433948052930604, -6.732077034677637, 0.9924902003538216]jd_time:[2460277.101863426]
sat:54645ECI:[-1312.4080909248194, -4172.966434407435, -6161.95266960105, 2.206117661631597, 5.501296776477898, -4.196334350870866]jd_time:[2460277.101863426]
sat:54646ECI:[1783.741847982871, 4165.294351657551, -6047.904248859606, 1.8804818948622446, 5.504914815914855, 4.347123545155832]jd_time:[2460277.101863426]
sat:54647ECI:[2639.4015886887087, 7067.942527391023, -410.77801628973907, -0.10900299579549307, 0.46066261485336907, 7.247757781007501]jd_time:[2460277.101863426]
sat:54648ECI:[-2435.032048378629, -6170.120894749785, 3616.727601958109, -0.9972826688560856, -3.342809117250841, -6.371411214780932]jd_time:[2460277.101863426]
sat:54649ECI:[1636.566421143111, 4973.611936972117, 5446.643849143047, -1.9950436636335673, -4.849401923185019, 5.0265615749212875]jd_time:[2460277.101863426]
sat:54650ECI:[-2565.281282065671, -6648.2438010146325, 2509.048731274935, -0.6081091100601747, -2.3503615869286465, -6.846470167445252]jd_time:[2460277.101863426]
sat:54651ECI:[-633.9954297978002, -928.3113745164794, 7470.302778150805, -2.4702743796717463, -6.750778142906334, -1.0483320570329115]jd_time:[2460277.101863426]
sat:54652ECI:[-2507.827408444846, -6414.1231833065885, 3106.8454448731877, -0.8186169053751284, -2.8857673329983866, -6.615420776720782]jd_time:[2460277.101863426]
sat:54653ECI:[-980.7334107355166, -3339.682239974971, -6707.72219909942, 2.35866716615077, 6.004189322501855, -3.3352336223413204]jd_time:[2460277.101863426]
sat:54654ECI:[2641.815676735284, 7077.307710130577, -176.80289693395886, -0.18746234340108403, 0.2499543274207492, 7.255968581064677]jd_time:[2460277.101863426]
sat:54655ECI:[-2646.534198875912, -7060.818535655237, 483.98500032248336, 0.08286124606452169, -0.5294589761914699, -7.243236856827771]jd_time:[2460277.101863426]
sat:54656ECI:[-2253.915750921146, -5586.842875007053, 4558.5887560986575, -1.3327016050559757, -4.184754375883309, -5.786335615470521]jd_time:[2460277.101863426]
sat:54657ECI:[-2048.3347273143827, -4958.936240990968, 5318.726147924825, -1.6079944394423034, -4.862464474382791, -5.151611900363414]jd_time:[2460277.101863426]
sat:54658ECI:[2474.722165099663, 6856.94115801381, 1985.9675935949765, -0.9045573820973317, -1.7033181222071236, 7.002800304205303]jd_time:[2460277.101863426]
sat:54659ECI:[-2063.0105098335207, -5003.644416558026, 5270.902987196277, -1.5903412656907367, -4.82004445087615, -5.196819560744918]jd_time:[2460277.101863426]
sat:54660ECI:[-2456.7252868105124, -6823.357697626687, -2121.1623527593097, 0.9476148495952063, 1.8232533110761422, -6.966341885552561]jd_time:[2460277.101863426]
sat:54661ECI:[-377.2350273298471, -1775.7064559655755, -7335.671082921913, 2.518699927578852, 6.5892451863526516, -1.7253237607248206]jd_time:[2460277.101863426]
sat:54662ECI:[1545.638537489152, 4744.534873978878, 5672.374351215996, -2.065677677075263, -5.05551343357258, 4.789907621095266]jd_time:[2460277.101863426]
sat:54663ECI:[-2170.2607185929933, -6216.055867699592, -3708.500997693494, 1.4583613153083912, 3.2616672735961085, -6.322835860736535]jd_time:[2460277.101863426]
sat:54664ECI:[-752.7139135116304, -1255.689271188748, 7411.402797190711, -2.435941352393872, -6.702654470519541, -1.3827581014727919]jd_time:[2460277.101863426]
sat:54665ECI:[-758.981567941945, -2763.941360428847, -6992.869128234877, 2.439255798769614, 6.265842525711097, -2.742368862499447]jd_time:[2460277.101863426]
sat:54666ECI:[-2291.1945204696044, -5700.586544359857, 4396.954913474431, -1.275318649399796, -4.0400566080329, -5.900524998402734]jd_time:[2460277.101863426]
sat:54667ECI:[-2627.42576717254, -6898.218876257859, 1611.9273850936108, -0.30041957594324803, -1.5444399857320532, -7.091014600523546]jd_time:[2460277.101863426]
sat:54668ECI:[-2621.278945772555, -6855.237893343268, 1795.5788417067133, -0.36360461988333853, -1.7089239978098378, -7.050023053205542]jd_time:[2460277.101863426]
sat:54669ECI:[-1829.627426364043, -5434.907777920414, -4922.207756293776, 1.8351312679749001, 4.365995179525577, -5.504816534587308]jd_time:[2460277.101863426]
sat:54670ECI:[-2039.8960917834913, -5926.066948837067, -4220.846465093379, 1.618664053725156, 3.728392434433554, -6.019083449506495]jd_time:[2460277.101863426]
sat:54671ECI:[2338.254789132633, 6577.429100460093, 2890.280918857179, -1.198664650571815, -2.521872249943519, 6.705525453464684]jd_time:[2460277.101863426]
sat:54672ECI:[-758.0007368481595, -2763.6480504666997, -6993.075554319605, 2.4376144363807164, 6.2668958776095325, -2.7414581716288926]jd_time:[2460277.101863426]
sat:54673ECI:[-2643.208341656676, -7074.269972335725, 249.82730146015504, 0.16178650579784212, -0.31843206515989053, -7.254201029202877]jd_time:[2460277.101863426]
sat:54674ECI:[-2631.2449009488664, -7082.0852387616505, -70.23315992539466, 0.2695606564014845, -0.029322377350364595, -7.258566614423434]jd_time:[2460277.101863426]
sat:54675ECI:[21.26640331355958, 836.3382216166642, 7507.893754756524, -2.5477153909205112, -6.7606668349426124, 0.7601557392958087]jd_time:[2460277.101863426]
sat:54676ECI:[2461.792655843971, 6837.056703282126, 2068.5583024453267, -0.930703498782214, -1.7781563047997095, 6.9808143924677255]jd_time:[2460277.101863426]
sat:54677ECI:[881.5249735755351, 3081.3104294240597, 6841.162470926635, -2.398735093422427, -6.131142129818376, 3.0701546813173004]jd_time:[2460277.101863426]
sat:54678ECI:[-2595.665599879262, -6769.33658722661, 2124.0859934112295, -0.47501263700972585, -2.0048898741931187, -6.966019332332002]jd_time:[2460277.101863426]
sat:54679ECI:[1411.633005823738, 3095.9870453633916, -6747.729673358467, 2.150156906141027, 6.122604554944608, 3.2599550662477017]jd_time:[2460277.101863426]
sat:54680ECI:[1236.2467703626487, 2169.3847132311257, 7151.759958128736, -4.063318638830799, -5.519903572323388, 2.3759804192783327]jd_time:[2460277.101863426]
sat:54681ECI:[-392.56169444853646, -271.94039438117835, 7539.462887519326, -2.516873944723837, -6.804096057890655, -0.37639525530014634]jd_time:[2460277.101863426]
sat:55140ECI:[6774.62236783562, 1228.6776773651206, 3149.123523375855, 2.917090028032116, 0.8230729993117858, -6.592829560612592]jd_time:[2460277.101863426]
sat:55141ECI:[-7456.115141878338, 460.87693899788144, 1350.298439505081, 1.2700291021459404, -0.3477737268077736, 7.125722506256456]jd_time:[2460277.101863426]
sat:55142ECI:[2432.211392559343, 1488.7929215140407, -7041.7934984356625, -6.067561681023519, -2.8844877560297304, -2.705717397747702]jd_time:[2460277.101863426]
sat:55143ECI:[-2052.3698030389373, 434.5003351711442, 7218.453010397918, 6.594675496743526, -2.3396973481463514, 2.0156657412446823]jd_time:[2460277.101863426]
sat:55144ECI:[-6821.490827852444, 2423.6577162097483, -2032.7651021104577, -1.9419507919336563, 0.40558073396937766, 7.005063501058821]jd_time:[2460277.101863426]
sat:55145ECI:[-4150.215522259626, 1197.8441886751584, 6151.837848751456, 5.590462705577726, -2.0808879224636874, 4.176490257646666]jd_time:[2460277.101863426]
sat:55146ECI:[-6923.583922870607, 2442.6514638604717, -1732.5575003798945, -1.6615082831919603, 0.30180639710794926, 7.069953589418281]jd_time:[2460277.101863426]
sat:55147ECI:[-6757.364909677754, 2408.953398918005, -2248.848615397504, -2.139969953400204, 0.4761306727119285, 6.943148703533483]jd_time:[2460277.101863426]
sat:55148ECI:[-5273.9757371293545, 2781.9909204447545, 3895.2192350888795, 3.374783135314483, -2.3525060704291696, 6.247728316068377]jd_time:[2460277.101863426]
sat:55149ECI:[7061.7171255039075, -2390.169601329124, -1148.245249196821, -0.9621965292483385, 0.6043804791953543, -7.179849422744409]jd_time:[2460277.101863426]
sat:55150ECI:[5154.6269008397, -1582.5098027964434, -5273.891035506068, -4.745531153972763, 1.8385118083954004, -5.190901159031067]jd_time:[2460277.101863426]
sat:55152ECI:[4384.216030216353, -1285.9417762394883, -5971.199644638474, -5.41954927386863, 2.0316154160637026, -4.41741193726277]jd_time:[2460277.101863426]
sat:55153ECI:[2890.977501417626, -739.850528977753, -6900.747081550862, -6.286675749754555, 2.280580796194336, -2.8788265237306616]jd_time:[2460277.101863426]
sat:55154ECI:[-1614.5373061577939, -1101.9065226994717, 7338.995944699926, 6.305609032129156, 3.0536653109778267, 1.8450333330859294]jd_time:[2460277.101863426]
sat:55155ECI:[-5525.658933973012, -1280.713440436447, 5014.750936720836, 4.756429636874106, 0.7420223038932832, 5.429472204094244]jd_time:[2460277.101863426]
sat:55156ECI:[-5926.804730358233, -3086.457468261891, 3609.0724240018167, 3.1914187945821197, 1.3218522889040454, 6.368661170197184]jd_time:[2460277.101863426]
sat:55157ECI:[6673.875173129267, 1436.1325437533533, -3276.7898953722665, -3.128177856385867, -0.37468998468128845, -6.535249583008952]jd_time:[2460277.101863426]
sat:55158ECI:[-6334.251180104023, -3023.018077369048, -2905.136881022325, -2.373267303477155, -1.4510183686200424, 6.688354204867631]jd_time:[2460277.101863426]
sat:55159ECI:[-4964.474489417055, 1045.0063805387224, 5094.3240071092505, 5.028974647132939, -1.639444155158014, 5.2342091729490425]jd_time:[2460277.101863426]
sat:55160ECI:[-7166.5324599127825, -1491.3293255897345, 1932.3579152871864, 1.8681778787528478, 0.11081061423341536, 7.011016055059416]jd_time:[2460277.101863426]
sat:55161ECI:[-1612.287302720932, -1100.1509888350304, 7338.629387665242, 6.3073168595642795, 3.0541312763218347, 1.8424909333977721]jd_time:[2460277.101863426]
sat:55162ECI:[-5216.38923776133, -2771.905438762832, 4773.275699357002, 4.177420521687146, 1.8329318984492549, 5.6287170096842765]jd_time:[2460277.101863426]
sat:55163ECI:[-6458.997175531649, -3101.2256978729965, -2522.871397745846, -2.0436241260428334, -1.293633929086191, 6.8280452443770505]jd_time:[2460277.101863426]
sat:55164ECI:[3657.563566935202, 971.5222379486972, -6560.35503536178, -6.191722935572311, -1.0995918570212506, -3.6153891475839015]jd_time:[2460277.101863426]
sat:55165ECI:[6132.533676638781, -583.0026194246046, 4436.250533682152, 4.243219527094123, -0.07651988356246862, -5.8736822363287695]jd_time:[2460277.101863426]
sat:55166ECI:[7118.849154594062, 1324.6955698963056, 2213.8649109145585, 2.034634804438117, 0.6586519171714993, -6.933099980214227]jd_time:[2460277.101863426]
sat:55167ECI:[7298.323932856536, 1503.413600973127, -1344.1558563109008, -1.3133580328144174, 0.002386939049914781, -7.13566989827016]jd_time:[2460277.101863426]
sat:55168ECI:[-6967.2750522779315, -1472.8166667211494, 2570.367445319026, 2.4677530827091854, 0.2355263854552268, 6.819823534740223]jd_time:[2460277.101863426]
sat:55169ECI:[-1.040445632244126, 279.8505130412602, -7588.188292728668, -7.22784458540076, 0.49091048025104717, 0.01950791703172033]jd_time:[2460277.101863426]
sat:55170ECI:[-1966.2064866509043, -661.0003954977149, 7280.53080585221, 6.863105153163921, 1.2946419836753758, 1.9712788859104144]jd_time:[2460277.101863426]
sat:55171ECI:[-1236.7458983650895, 145.9267433811389, 7438.85798426541, 6.764459842405117, -2.3920970550508547, 1.171274345120861]jd_time:[2460277.101863426]
sat:55172ECI:[5319.986276604492, 2820.5360363997443, -4631.077529177528, -4.053265361935678, -1.7701601126144675, -5.7364335561748305]jd_time:[2460277.101863426]
sat:55173ECI:[4292.311247753218, 626.4302195349921, 6204.904047703207, 5.8072492391715596, 1.3115958355938868, -4.148780814497462]jd_time:[2460277.101863426]
sat:55174ECI:[-2570.421515772932, -1558.7151840040838, 6973.538149545096, 6.013014607738225, 2.8619314647525105, 2.855914889241319]jd_time:[2460277.101863426]
sat:55175ECI:[-4861.4187300212, -2623.634533697494, 5211.321088260926, 4.543559355465159, 2.0374335445369773, 5.263172318591349]jd_time:[2460277.101863426]
sat:55176ECI:[50.234751692397424, -285.8978392359079, 7589.019545654049, 6.491769959149236, 3.216273652935689, 0.07860034590324902]jd_time:[2460277.101863426]
sat:55177ECI:[3843.545872091685, 1004.8448224756053, -6447.044135150298, -6.087829591914445, -1.072928540425252, -3.7969238554144744]jd_time:[2460277.101863426]
sat:55178ECI:[3791.100912919427, 991.9110684891277, -6480.953890412375, -6.118667671391948, -1.0754742208661219, -3.744821365878239]jd_time:[2460277.101863426]
sat:55179ECI:[4401.404198177266, 1097.6362992191405, -6064.361976410914, -5.731994883174409, -0.9769150831061907, -4.337432043879677]jd_time:[2460277.101863426]
sat:55796ECI:[-84.04167912430259, 1991.4430169010232, -7293.9821730383655, -1.291673186588805, 6.887774524523666, 1.895932446099224]jd_time:[2460277.101863426]
sat:55797ECI:[-709.3632747084737, 5139.019236540765, -5500.140330213825, -1.1018390087711407, 5.1717567605968835, 4.975250510457797]jd_time:[2460277.101863426]
sat:55798ECI:[46.86560763224714, -1791.7996155321023, 7343.333676349672, 1.2940672602559273, -6.940566297633848, -1.7009734979179794]jd_time:[2460277.101863426]
sat:55799ECI:[-863.9977117483471, 3489.940508683579, 6648.206062369469, 0.9925888413809386, -6.31669230525065, 3.444574167742926]jd_time:[2460277.101863426]
sat:55800ECI:[1322.0821026345666, -6830.29703179379, -2959.542526991657, -0.258229285867979, 2.8418224786176323, -6.676528894811698]jd_time:[2460277.101863426]
sat:55801ECI:[1245.8337868478652, -6149.05652004848, -4218.914820000145, -0.4921717913598438, 4.029213032051761, -6.01992232964153]jd_time:[2460277.101863426]
sat:55802ECI:[3236.2544655144097, -6856.94008814136, 181.64743597277158, 0.3150192689619341, -0.04405194961339483, -7.242245428754008]jd_time:[2460277.101863426]
sat:55803ECI:[3780.738833158002, -4681.080279742975, 4582.6862773937, 3.0186736147168096, -3.210011170835366, -5.7693894017719725]jd_time:[2460277.101863426]
sat:55804ECI:[-2897.205755557373, 5779.513912896909, 3964.69623541876, 1.4180251762815141, -3.5255528011054875, 6.174060054108002]jd_time:[2460277.101863426]
sat:55805ECI:[1259.521115649803, -1058.4980295479263, -7383.49913451283, -4.56452603401946, 5.424898243195844, -1.55674960808533]jd_time:[2460277.101863426]
sat:55806ECI:[-3360.645310721888, 4228.663650434551, -5295.9507000779995, -3.446737072088498, 3.7436375092455787, 5.176247503979564]jd_time:[2460277.101863426]
sat:55807ECI:[-3242.325786408493, 6856.519549043787, 48.40378079393666, -0.2205672547827032, -0.15604396184366479, 7.243995875832579]jd_time:[2460277.101863426]
sat:55808ECI:[3688.5448447480053, -4024.2979073384704, -5236.0166621388325, -3.1212417268779413, 3.9459117533493107, -5.232789451808338]jd_time:[2460277.101863426]
sat:55809ECI:[-4919.512321454326, 5731.881136028648, 395.26478047784747, 0.046952248082989576, -0.4600806515142007, 7.244591816030341]jd_time:[2460277.101863426]
sat:55810ECI:[2266.024954798497, -2267.446303544472, -6851.8927438746105, -4.190098057400217, 5.072834729281989, -3.065337675033008]jd_time:[2460277.101863426]
sat:55811ECI:[-1420.6293008037887, 3574.0309094885397, -6536.901608468902, -2.7890266186713792, 5.597450423571877, 3.6663657117197657]jd_time:[2460277.101863426]
sat:55812ECI:[-2685.758770669676, 3485.0377439607378, -6153.402939598548, -3.956146254577409, 4.390928282313322, 4.21387196833629]jd_time:[2460277.101863426]
sat:55813ECI:[1623.4423945571054, -2291.3948730253837, 7022.251231726374, 4.457870642255207, -5.063678119334359, -2.6828463781900553]jd_time:[2460277.101863426]
sat:55814ECI:[-3166.810785471184, 6802.877447929933, -1100.6849169107631, -0.6870000596081989, 0.8386608098967032, 7.167999964800067]jd_time:[2460277.101863426]
sat:55815ECI:[-2807.2407450088062, 6232.763070297741, -3285.4735982770303, -1.5563096098170073, 2.7393747943817637, 6.528900674263156]jd_time:[2460277.101863426]
sat:55816ECI:[-36.24621484988066, -573.828541266059, 7560.6824814644015, 3.1040560511233872, -6.535427254160449, -0.48088604946856983]jd_time:[2460277.101863426]
sat:55817ECI:[-189.6085478866985, 2564.128398445337, -7111.246374037724, -1.273787643797399, 6.711946938189363, 2.4547409292822038]jd_time:[2460277.101863426]
sat:55818ECI:[-1144.8159552526977, 923.8225473685212, 7417.839050207503, 4.593938116521087, -5.449113801184826, 1.386711968194768]jd_time:[2460277.101863426]
sat:55819ECI:[-57.84829395000121, -355.65397825016913, 7554.380960827449, 4.716743609533736, -5.514810529626552, -0.22392105025014447]jd_time:[2460277.101863426]
sat:55820ECI:[-3213.7884484498177, 6676.643916256711, 1614.9402725475504, 0.4241089262702513, -1.5087321652613201, 7.078435007734387]jd_time:[2460277.101863426]
sat:55821ECI:[2490.584065100147, -5643.102850060416, 4411.759665213632, 2.00076979378018, -3.72312605625964, -5.890509880934645]jd_time:[2460277.101863426]
sat:55822ECI:[2688.4845150420692, -5275.032575049985, -4740.104421247534, -1.751067541506244, 4.186487715197748, -5.653297082731235]jd_time:[2460277.101863426]
sat:55823ECI:[-608.8890260161969, 4664.080635955807, -5919.324702985067, -1.1548402317832602, 5.571859737991021, 4.509590294794308]jd_time:[2460277.101863426]
sat:55824ECI:[1329.986861567359, -6915.875975988255, -2749.993766710878, -0.22023834241749932, 2.6440682892654315, -6.758564240356314]jd_time:[2460277.101863426]
sat:55825ECI:[-1715.8352529527135, 3052.4639906531424, 6726.308360166976, 2.639070615146804, -5.870933608332937, 3.3370827560927507]jd_time:[2460277.101863426]
sat:55826ECI:[-207.15934461511804, 2639.47302116593, -7082.812994052698, -1.2797794369561504, 6.6837551644034505, 2.5285082076848306]jd_time:[2460277.101863426]
sat:55827ECI:[1273.030993301469, -6446.119076724054, -3739.834005429234, -0.3974802407383205, 3.5786521901401667, -6.3050912757414865]jd_time:[2460277.101863426]
sat:55828ECI:[1159.1125943346244, -5500.1255207818895, -5059.661863758616, -0.6530374718330054, 4.81876529053842, -5.3896410659482665]jd_time:[2460277.101863426]
sat:55829ECI:[239.92340009659847, -1152.1100842813046, 7491.231186192921, 3.0976870926379725, -6.463720305907716, -1.0929803308848287]jd_time:[2460277.101863426]
sat:55830ECI:[3828.85726646614, -4199.506515419114, -4992.712774755903, -2.9643584237674174, 3.772239271864051, -5.4470294232840955]jd_time:[2460277.101863426]
sat:55831ECI:[-1219.5432339520596, 5976.103972747746, 4465.728548121644, 0.5368781391568948, -4.265429573132195, 5.852457544459864]jd_time:[2460277.101863426]
sat:55832ECI:[-4885.867607933613, 5652.592804783305, 1177.8705852058756, 0.5363177640716458, -1.030764310085486, 7.165838017153436]jd_time:[2460277.101863426]
sat:55833ECI:[2615.967141799081, -5106.390506189396, -4960.960039173809, -1.845987107348798, 4.37483019660774, -5.4771661019117825]jd_time:[2460277.101863426]
sat:55834ECI:[-4541.6189909319555, 5134.637050793091, 3196.5641086441847, 1.8139288071360822, -2.489844460403988, 6.573558186139861]jd_time:[2460277.101863426]
sat:55835ECI:[3647.1546557450943, -3969.4366206706854, -5307.802037783821, -3.168266610456945, 3.995106214137497, -5.165475484561545]jd_time:[2460277.101863426]
sat:56046ECI:[4356.055871679402, 5993.062115704602, -1322.4994939583416, 0.5376289038336365, 1.1876203235975835, 7.159393197373674]jd_time:[2460277.101863426]
sat:56047ECI:[1100.871615004655, 1085.2721606293135, -7366.427597171235, 4.10951763876324, 5.821858769904068, 1.4717750850841833]jd_time:[2460277.101863426]
sat:56048ECI:[-4119.175909155109, -5878.346813442883, -2267.6403069903363, 1.479423339726411, 1.6358623213739893, -6.933896957827407]jd_time:[2460277.101863426]
sat:56049ECI:[-2544.499411271224, -6983.809671529855, -1355.1968595922424, 0.6963879617589952, 1.130691868452242, -7.141185856619513]jd_time:[2460277.101863426]
sat:56050ECI:[163.94989344955926, -232.42086218672523, -7522.073399152647, 4.2412641079732945, 5.911697038513546, -0.088949023594575]jd_time:[2460277.101863426]
sat:56051ECI:[-1346.8980835873901, -4256.463738985414, -6096.807808854529, 2.188547879593951, 5.441165436176385, -4.28337152719686]jd_time:[2460277.101863426]
sat:56052ECI:[-1888.3657525047756, -4478.168435037085, 5784.0587277094555, -1.7811018952634279, -5.275657488976913, -4.665140537976455]jd_time:[2460277.101863426]
sat:56053ECI:[-607.6131804716779, -7380.817954781445, -1614.93609784906, 0.3975881455412751, 1.5154629637062997, -7.0804647345731055]jd_time:[2460277.101863426]
sat:56054ECI:[2638.691354966924, 6976.589055817712, -1209.5650931460007, 0.16154658857814827, 1.179556543387597, 7.164481374169598]jd_time:[2460277.101863426]
sat:56055ECI:[-4062.041594200842, -5471.246424714765, 3190.3526452826723, -1.6090466648061825, -2.6470719342936833, -6.586931587488028]jd_time:[2460277.101863426]
sat:56056ECI:[-497.9137113140656, -235.4723468211272, 7504.687430757971, -4.217886137040955, -5.913676003306052, -0.464841734303008]jd_time:[2460277.101863426]
sat:56057ECI:[-879.7548844821988, -1666.5412574510174, -7287.030571341096, 4.162464105384023, 5.689411067059592, -1.8031046466759317]jd_time:[2460277.101863426]
sat:56058ECI:[3642.5622716339926, 4808.022487635316, -4500.084824612969, 2.3665368210772084, 3.6589748174895975, 5.8286237686268905]jd_time:[2460277.101863426]
sat:56059ECI:[2062.2374498259906, 4995.188134590631, -5282.509273467417, 1.5948158828959635, 4.826124842296833, 5.186735052222716]jd_time:[2460277.101863426]
sat:56060ECI:[152.84434247774843, -373.00000361069203, -7545.9073922033, 2.539298660176765, 6.798064827070906, -0.28467037650696314]jd_time:[2460277.101863426]
sat:56061ECI:[-618.0240845608345, -884.9933028990481, 7477.535574501283, -2.4733305478597534, -6.755696505547442, -1.0043532757982203]jd_time:[2460277.101863426]
sat:56062ECI:[-33.41104359802211, 406.73633976057755, 7513.029532280129, -4.255309773502003, -5.8986516150983865, 0.30141073474783203]jd_time:[2460277.101863426]
sat:56063ECI:[-327.2489843347347, -1644.3252061882083, -7368.711525799245, 2.52550490569009, 6.620486808005795, -1.5901416572639846]jd_time:[2460277.101863426]
sat:56064ECI:[837.844402593492, 711.7908631666753, -7445.6777919043725, 4.173198476637333, 5.871333420690677, 1.0311276478831943]jd_time:[2460277.101863426]
sat:56065ECI:[2420.217933814563, 2977.2241196478194, -6476.058401311293, 3.543255261688885, 5.167763659030653, 3.700199474294895]jd_time:[2460277.101863426]
sat:56066ECI:[-2893.0314474852375, -4358.381401173533, -5411.361316763549, 3.1996455424942427, 4.147132510867507, -5.0511669480397305]jd_time:[2460277.101863426]
sat:56067ECI:[597.3759413070663, 827.5359188038684, -7488.04160087745, 2.479690291188455, 6.759639742606996, 0.9448153187052212]jd_time:[2460277.101863426]
sat:56068ECI:[-1411.940669350757, -3095.8807441582685, 6745.432768979502, -2.1514489055600516, -6.124077145832322, -3.260699802058583]jd_time:[2460277.101863426]
sat:56069ECI:[-4208.058856999901, -5711.25298207621, 2518.925920746858, -1.22097984865362, -2.122855099482574, -6.852025134589022]jd_time:[2460277.101863426]
sat:56070ECI:[307.55417344934017, 315.57727994186274, -7568.069214181007, 0.6416341525174247, 7.214912325968907, 0.3259870240907395]jd_time:[2460277.101863426]
sat:56071ECI:[-89.76428192708512, -3674.513603031245, -6629.728575569835, 0.7025830827805432, 6.307826571758868, -3.506615864673176]jd_time:[2460277.101863426]
sat:56072ECI:[-681.6915809781618, -5336.894228175953, 5337.692523275354, -0.2750361045032959, -5.107633993762579, -5.141798200382806]jd_time:[2460277.101863426]
sat:56073ECI:[-399.6979126545549, -6184.999025273187, -4364.705670846225, 0.593140241491737, 4.1405201738163795, -5.923001595054191]jd_time:[2460277.101863426]
sat:56074ECI:[-726.4644220954895, -6356.755246583083, 4062.5034979379398, -0.12820882314494636, -3.894849798050223, -6.116691571793402]jd_time:[2460277.101863426]
sat:56075ECI:[605.8397937186178, 4101.223606856522, -6347.37713281265, 0.40445354061117395, 6.062246506069621, 3.9563218917148673]jd_time:[2460277.101863426]
sat:56076ECI:[535.6100112832996, 7075.8644303768415, 2663.3670832544803, -0.4756056667057076, -2.518486258134316, 6.784075094639259]jd_time:[2460277.101863426]
sat:56077ECI:[-232.3114609393807, -4928.980420681663, -5755.015401079456, 0.666780128276457, 5.469927398172454, -4.7126362390767556]jd_time:[2460277.101863426]
sat:56078ECI:[285.67312789347653, 5345.301197789436, 5365.402048837146, -0.6492603120478292, -5.100475033262221, 5.114936625314868]jd_time:[2460277.101863426]
sat:56079ECI:[349.33967660778416, 5849.776193315127, 4806.589251079875, -0.6169266086341549, -4.565980854940003, 5.600584826199008]jd_time:[2460277.101863426]
sat:56080ECI:[708.2707848119808, 7503.802069270414, -804.2621773196914, -0.1938978468116212, 0.7894198516142433, 7.205915965811115]jd_time:[2460277.101863426]
sat:56081ECI:[681.2185907259271, 5346.859437277096, -5331.398417709642, 0.2717688438889296, 5.09786905314116, 5.148240272285077]jd_time:[2460277.101863426]
sat:56710ECI:[-417.70934921851824, 2042.7127218589915, 7212.6899091742725, 0.6279028877344724, -6.975236204972109, 2.0116298190013793]jd_time:[2460277.101863426]
sat:56712ECI:[-98.07007994944982, 646.954919789055, 7034.878139877447, -3.5520339316138605, -6.589329240097185, 0.5572900209710527]jd_time:[2460277.101863426]
sat:56713ECI:[205.71739772686846, -5530.794121350725, 5070.53512169077, 0.4715656516479075, -4.905727938178535, -5.36847145577697]jd_time:[2460277.101863426]
sat:56714ECI:[607.5419505161406, 7340.986204573591, 1790.0536503182566, -0.41362792662898545, -1.6838732468427204, 7.040717839426005]jd_time:[2460277.101863426]
sat:56715ECI:[1941.458451668045, 4292.684690599466, 5255.368016489831, -2.8667720992501287, -4.81563967620849, 5.001479778467613]jd_time:[2460277.101863426]
sat:56716ECI:[-2447.1504409122144, -6773.5385390663805, -2123.7074562990874, 0.9552427855804988, 1.8521436221013188, -6.980098725224791]jd_time:[2460277.101863426]
sat:56717ECI:[2093.6831748174995, 5082.443917462871, -5090.738464843858, 1.5543324943071744, 4.7180810630524626, 5.346815317780519]jd_time:[2460277.101863426]
sat:56718ECI:[733.6310907933506, 7427.482600836691, -1329.6632565251264, -0.1439228051396252, 1.289668893480677, 7.13366608059946]jd_time:[2460277.101863426]
sat:56719ECI:[736.19859677213, 6495.05252299833, -3838.2453121175977, 0.1068227201817662, 3.6789376412129395, 6.247636656641589]jd_time:[2460277.101863426]
sat:56720ECI:[563.3512711212397, 7210.419772625438, 2269.8496443846266, -0.44676383025370314, -2.142488712554169, 6.913195017098542]jd_time:[2460277.101863426]
sat:56721ECI:[2456.0791838584564, 3976.4259512267517, -5272.921373343104, 2.410631417334675, 5.110420876397839, 4.9694666320125105]jd_time:[2460277.101863426]
sat:56722ECI:[-2916.594465325298, -5036.177630064889, 3963.489024927785, -1.671028129614662, -3.9064655455103487, -6.206042910746941]jd_time:[2460277.101863426]
sat:56723ECI:[366.92064228059263, 5954.893143581899, 4674.136118042034, -0.6117721321096584, -4.439233387062785, 5.7023285282520115]jd_time:[2460277.101863426]
sat:56724ECI:[-721.5414037805655, -6313.035000872429, 4132.770638060344, -0.13366638864204528, -3.9607381371303623, -6.07299085719891]jd_time:[2460277.101863426]
sat:56725ECI:[-116.56047536605288, 617.9167376945171, 6973.516926746187, -3.7165893554755307, -6.542047814069978, 0.51790277907005]jd_time:[2460277.101863426]
