sat:40023ECI:[-4759.268769406715, -4559.65435338103, -2167.434202447147, -2.464591820152005, -0.8120259728587143, 7.12614344188464]jd_time:[2460204.6293055555]
sat:40026ECI:[-4181.8479955193725, -3922.766605973484, 3894.0153589092406, 2.1824535181078275, 3.8077811364121184, 6.185244883401151]jd_time:[2460204.6293055555]
sat:40027ECI:[4091.6110226871706, 4593.493514028959, 3217.4409387409837, 3.2031149249905755, 1.7922596484429547, -6.625258511887136]jd_time:[2460204.6293055555]
sat:40029ECI:[4975.864035743698, 4780.292593926527, 767.4232544024259, 1.338443335242183, -0.19626938444056757, -7.452117898748159]jd_time:[2460204.6293055555]
sat:40031ECI:[-1648.1404338684004, -2530.3150136677555, -6256.744077240334, -5.569271824321208, -4.077639492364972, 3.1247974448331766]jd_time:[2460204.6293055555]
sat:40033ECI:[3270.2780331842473, 3070.2572242382216, -5289.576805199392, -2.987527144637134, -5.070381039130145, -4.778536333143838]jd_time:[2460204.6293055555]
sat:40035ECI:[1574.7024573813326, 2834.7521744277533, 6136.505957538602, 5.089322886297616, 4.4829395265184075, -3.3765694783807856]jd_time:[2460204.6293055555]
sat:40036ECI:[-1381.3019042374665, -76.49406749373688, 6792.334801309264, 4.988270909832641, 5.610138154698959, 1.0809980572317504]jd_time:[2460204.6293055555]
sat:40038ECI:[-4431.221347141698, -3736.392213483461, 3810.607158197352, 2.313886936312535, 3.6154002999256662, 6.248884574117126]jd_time:[2460204.6293055555]
sat:40040ECI:[-3183.273035599097, -5485.780947433335, 2760.489742422341, 0.4910443782675425, 3.1694944420625473, 6.881209903708488]jd_time:[2460204.6293055555]
sat:40041ECI:[3313.743968436732, 4095.541030161082, 4514.8756617554645, 4.13746703301892, 2.890436407688843, -5.650181112175651]jd_time:[2460204.6293055555]
sat:40122ECI:[5801.087754257973, -2566.1266056338945, 1604.5201629634519, 3.3654345985803378, 3.981593884283623, -5.8078741234716915]jd_time:[2460204.6293055555]
sat:40123ECI:[5303.665902537235, 1784.6953117962055, 3383.877595962266, 0.8253621630998098, 6.254843397656891, -4.5966043695313274]jd_time:[2460204.6293055555]
sat:40124ECI:[-4049.2055901448566, -331.6871390780848, -5119.803994264573, 0.412138619612949, -7.792776509680144, 0.17504319117323158]jd_time:[2460204.6293055555]
sat:40125ECI:[3423.147997631414, -2627.4306260533995, -4903.729788790336, 6.060685035930436, 4.6063958364000905, 1.7553218067922012]jd_time:[2460204.6293055555]
sat:40126ECI:[2609.2347200332347, -4892.219533333594, 3890.544147226392, 6.3407691074746255, 0.3225251726849707, -4.048115948973625]jd_time:[2460204.6293055555]
sat:40127ECI:[1754.2154069725195, 5270.688975345849, 3460.57578341347, -4.528794708683855, 4.470677556573008, -4.519404746040021]jd_time:[2460204.6293055555]
sat:40131ECI:[-4444.4623858514105, -3320.962389427627, 3500.8806251016167, 5.685468613849045, -2.8951697602891437, 4.473137691401022]jd_time:[2460204.6293055555]
sat:40132ECI:[6485.922888958307, 212.38714998200695, -993.8387489882373, -1.0790579758475893, 4.862219169479694, -5.990941645458476]jd_time:[2460204.6293055555]
sat:40133ECI:[4932.757773419111, 4219.707472746204, -692.1725851129205, -3.6684994779561606, 3.2816712288994085, -6.059358150040713]jd_time:[2460204.6293055555]
sat:40134ECI:[-2986.4012185462548, 4230.599306244092, 4015.4954737524854, -3.30280911567355, -5.948469777657447, 3.813219019068393]jd_time:[2460204.6293055555]
sat:40139ECI:[3859.695174870754, 1326.9227873101754, -5150.395777785704, -2.6765909301350352, 7.313020919070092, -0.12276232870221979]jd_time:[2460204.6293055555]
sat:40140ECI:[3358.8000973997778, 5316.008564397414, -1762.361078092947, -5.128855675367731, 1.3202721849778034, -5.749065727541421]jd_time:[2460204.6293055555]
sat:40422ECI:[4185.831509079371, -3311.2276814032125, 3816.8087216921053, 5.984237027478271, 2.8514761358555516, -4.09940832806741]jd_time:[2460204.6293055555]
sat:40423ECI:[5058.8829802769715, 2070.8756593675907, -3647.6874420380773, -4.86741891808122, 4.292019520999348, -4.3109449402204305]jd_time:[2460204.6293055555]
sat:40427ECI:[747.0390529266609, -4008.3552684377705, 5146.786690227735, 7.690964409476563, 1.2334223911264601, -0.16137353150208597]jd_time:[2460204.6293055555]
sat:40428ECI:[-3083.9301597904437, 2718.0752008139675, -5111.429905578697, -4.501220090852543, -6.318360588679277, -0.6324086459151013]jd_time:[2460204.6293055555]
sat:40429ECI:[-3408.406992105153, -3917.6280591773734, 3979.156922001278, 2.6678849423218423, -6.233543540896697, -3.863603888059551]jd_time:[2460204.6293055555]
sat:40430ECI:[-6382.898870211408, -1210.9652571412223, 759.7014143869384, 0.22055239446425623, -4.924591926212771, -6.051961810534565]jd_time:[2460204.6293055555]
sat:40451ECI:[6515.417181697689, -233.2077557192755, 430.52687462506185, 0.5714932003308026, 4.845083691236077, -6.10052768339924]jd_time:[2460204.6293055555]
sat:40452ECI:[4230.021042188449, -3965.5698442934076, 2964.13443951344, 5.590833235266115, 2.23499709073381, -4.9946404388342165]jd_time:[2460204.6293055555]
sat:40453ECI:[-4202.780568352682, -435.695650619987, 4951.912490511412, 2.501324054836026, -7.270653467091817, 1.4783347603020591]jd_time:[2460204.6293055555]
sat:40454ECI:[-6329.651574303117, -269.96885396478905, 1710.9977226565475, 1.7622587771330247, -4.943032795204774, 5.7602901229536565]jd_time:[2460204.6293055555]
sat:40459ECI:[4237.334409841538, -2453.342171361347, -4318.907771270436, 5.750582283953022, 4.149910427526324, 3.2932685180772223]jd_time:[2460204.6293055555]
sat:40460ECI:[-1854.0533304664173, -6174.994130950162, -1205.3565898054292, 4.396506080191265, -2.4780000905004154, 5.940393469605755]jd_time:[2460204.6293055555]
sat:40722ECI:[4765.303498410453, 3130.459408282771, -3148.6783684537213, -5.277102743516413, 3.171589558589468, -4.824251676404614]jd_time:[2460204.6293055555]
sat:40723ECI:[6437.267624154263, -1026.8106808520606, -232.7940988364576, 0.5388207527741714, 4.83184028703235, -6.116962338055164]jd_time:[2460204.6293055555]
sat:40724ECI:[1228.7061210938587, 3886.1069183637505, 5131.276516749649, -7.32002210518757, 2.655654107005866, -0.27209102996538526]jd_time:[2460204.6293055555]
sat:40725ECI:[2193.25792339686, -6165.424925156826, -147.03243792180564, 4.5190068383587, 1.7570710151257618, -6.113914535004437]jd_time:[2460204.6293055555]
sat:40726ECI:[3692.587701556803, 5195.013943780321, -1547.300421231004, -4.882249566792543, 1.727512470867651, -5.825568792831093]jd_time:[2460204.6293055555]
sat:40727ECI:[82.65298156653186, -4160.537129757566, -5040.514264385276, 7.647558328861318, -1.1727497324359897, 1.0978866204865627]jd_time:[2460204.6293055555]
sat:40728ECI:[-3989.3763354268785, -3175.4326997540766, -4072.890618541886, 6.189244881473227, -3.0103611532746544, -3.7085031048325288]jd_time:[2460204.6293055555]
sat:40729ECI:[-2885.562073630988, -4132.113698955484, 4115.220883740473, 6.842046683503484, -1.164353771546456, 3.6135459368722063]jd_time:[2460204.6293055555]
sat:40736ECI:[-4999.357412522749, 4080.0251271684187, 963.1551594639698, -3.795283467660106, -3.232430990891849, -6.018809210215343]jd_time:[2460204.6293055555]
sat:40737ECI:[-2298.9356886044457, -4964.470074625127, 3571.519473040649, 4.053913151775774, -5.0280138343141, -4.387827604602876]jd_time:[2460204.6293055555]
sat:40738ECI:[3571.9387066675868, -3140.1346170274387, -4468.009658987889, 2.2940033125101236, 6.854708128695418, -2.9795395482774185]jd_time:[2460204.6293055555]
sat:40739ECI:[-1449.5422896161274, -5871.868132850103, 2467.167686104383, 4.564099822232556, -3.3668390358769495, -5.3698823780024645]jd_time:[2460204.6293055555]
sat:40740ECI:[5933.749082168913, 2599.6035300530116, 839.45285628192, -2.6698165809778356, 4.170659199459462, 6.041362830315504]jd_time:[2460204.6293055555]
sat:40741ECI:[-3510.6792259408785, 4894.545972220338, -2525.298567725686, -5.583244821435401, -1.2414249166090192, 5.321053273768283]jd_time:[2460204.6293055555]
sat:40950ECI:[-1949.6927414436718, 4206.986742754266, -4584.96761673848, -5.075978730318878, -5.293375642878631, -2.7172362880666494]jd_time:[2460204.6293055555]
sat:40951ECI:[-1445.2960195340734, 3835.7328820899775, -5031.915046067652, -7.606101350474219, -1.6950791538954924, 0.9504463563024186]jd_time:[2460204.6293055555]
sat:40952ECI:[253.1182228532495, -5161.029179857188, 4047.057274489236, 6.279596838951912, -2.6427718379546694, -3.7755477717515085]jd_time:[2460204.6293055555]
sat:40953ECI:[-253.4442723689572, 5851.069974803745, -2884.3080499528046, -5.511731185497243, 2.265082712752051, 5.060631498329057]jd_time:[2460204.6293055555]
sat:40954ECI:[-3934.7035313647284, 1639.9987954931867, -4971.6676859724785, -4.506831355586279, -6.1844276078421005, 1.5167815323189473]jd_time:[2460204.6293055555]
sat:40955ECI:[27.295397572694064, -4819.49362728321, -4441.481296758171, 6.5696167756120305, 2.8717563038203426, -3.0684043063454896]jd_time:[2460204.6293055555]
sat:40956ECI:[2581.2028957887273, 5974.228131148575, -260.409144282206, -4.56314158450417, 1.713285294273394, -6.130753223705823]jd_time:[2460204.6293055555]
sat:40957ECI:[-5369.357021014001, -949.367098947349, 3608.932744281282, 3.8442853951833245, -5.221447890969789, 4.3498689668408685]jd_time:[2460204.6293055555]
sat:40962ECI:[-3559.0661751230864, 5014.350368421722, -2239.2906854230755, -5.372971389498663, -1.33750015194053, 5.50080701314281]jd_time:[2460204.6293055555]
sat:40963ECI:[4399.270921427648, 61.8309909538859, -4841.9316561479045, -2.323481699607505, 7.180298400584525, -2.014837551838625]jd_time:[2460204.6293055555]
sat:40979ECI:[5944.222176473229, -2568.589274215975, -999.8942229062396, 1.088426816898236, 4.865090870547324, -5.998444408029135]jd_time:[2460204.6293055555]
sat:40980ECI:[-913.9019845302173, -5503.797008439378, -3424.57090503943, 5.151221753243783, -3.6866213358365405, 4.557816329820482]jd_time:[2460204.6293055555]
sat:41479ECI:[4508.458715391828, 1931.9877500564453, 4351.69139924117, 0.1061190890449476, 7.077915855855519, -3.262178585155068]jd_time:[2460204.6293055555]
sat:41480ECI:[-4120.298222158171, 1007.0229806263363, -4957.544537185704, -3.4722451634035174, -6.844438886065615, 1.4990596714740951]jd_time:[2460204.6293055555]
sat:41481ECI:[-1527.6430832904443, -5723.700311670915, 2763.4503403137887, 5.786911379411429, 0.9420817217561623, 5.153282952931737]jd_time:[2460204.6293055555]
sat:41482ECI:[-1030.6162750796257, -3941.431057954499, -5140.577468195638, 7.55227112668251, -1.9295761732144854, -0.03207521371036485]jd_time:[2460204.6293055555]
sat:41483ECI:[80.44195093427751, -6046.541711503389, -2453.453223459425, 5.268132045378161, -2.1065977936436715, 5.369010108574604]jd_time:[2460204.6293055555]
sat:41484ECI:[-221.81662993042445, 5069.2245988821405, 4118.4833836339985, -6.369401483596787, 2.6757065879116446, -3.6400478633445776]jd_time:[2460204.6293055555]
sat:41486ECI:[-4324.713422123959, -755.9599582957903, -4828.2179495536175, 3.432450780765148, -6.72666711661202, -2.0209722359857936]jd_time:[2460204.6293055555]
sat:41487ECI:[2335.992422612429, 6039.280232432916, -898.2723039732463, -4.265376371429468, 2.54496242147863, 6.026701027491987]jd_time:[2460204.6293055555]
sat:41563ECI:[5553.955840188858, 1716.2217814613305, 3003.9035415327567, 0.834072261264817, 5.966373099409592, -4.957927753590114]jd_time:[2460204.6293055555]
sat:41564ECI:[6501.615799634677, -766.1252558358399, -353.5538443339116, 0.901274802344003, 4.780034441682671, 6.099894743625396]jd_time:[2460204.6293055555]
sat:41565ECI:[4062.4051631263865, 875.3314279315406, 5069.18765565822, -2.7880051545246807, 7.210722134097301, 0.9917632202035341]jd_time:[2460204.6293055555]
sat:41566ECI:[-6032.820797965062, 1522.8124107798346, 2077.162943414155, 0.5557080130819115, -5.403094627212514, 5.587412344476946]jd_time:[2460204.6293055555]
sat:41567ECI:[-15.372465372338254, 5949.239614139749, -2732.8010944155767, -5.325071348482257, -2.3975266594460205, -5.174634984006563]jd_time:[2460204.6293055555]
sat:41568ECI:[4697.9108742360395, 167.4856047805247, 4561.159270250307, -2.9591708292191847, 6.645200528997635, 2.8086184681999673]jd_time:[2460204.6293055555]
sat:41569ECI:[-4098.349368858963, 4762.876681901792, -1861.9492697378362, -2.723210760718243, -4.580190235621619, -5.695653373378849]jd_time:[2460204.6293055555]
sat:41570ECI:[-2415.8400257860335, 4003.8820730034604, -4622.658150961147, -7.203245975617074, -1.2190372615092193, 2.697684826361695]jd_time:[2460204.6293055555]
sat:41571ECI:[4340.327414137427, -2177.618559773746, -4412.330978203556, 0.37941365251853437, 7.124931399823303, -3.132919671351031]jd_time:[2460204.6293055555]
sat:41572ECI:[-4219.6405046749005, -1099.372145471534, 4875.204673438776, 3.88289185693962, -6.500778969138766, 1.8974159601862683]jd_time:[2460204.6293055555]
sat:41573ECI:[-4066.4185469124704, 4161.726729406678, 2995.9531850629337, -2.1157553212309184, -5.638911136741656, 4.96485661465377]jd_time:[2460204.6293055555]
sat:41574ECI:[-3554.567749457185, 5058.925131454623, 2163.124638491729, -3.0866559143766166, -4.5403867641181614, 5.54205404491376]jd_time:[2460204.6293055555]
sat:41575ECI:[-4215.90375285501, 628.1988430648418, 4961.787403132011, -2.870855499138483, -7.0925909145807475, -1.5400511951317777]jd_time:[2460204.6293055555]
sat:41576ECI:[6531.604289072062, 407.4338059472094, 511.33859703029646, 0.17002712301002185, 4.871917473071483, -6.077263479562967]jd_time:[2460204.6293055555]
sat:41577ECI:[3219.4223273138123, -2788.8796767007652, -4955.9133764541375, 3.5133520932495954, 6.802264602065667, -1.546382578204619]jd_time:[2460204.6293055555]
sat:41578ECI:[-4279.013478397982, 4634.472087110033, 1787.2926660130247, -2.5974235057984623, -4.608572618179949, 5.73133164143813]jd_time:[2460204.6293055555]
sat:41606ECI:[-717.9809099009702, -4990.850977326877, 4166.479888084975, -1.943687319923894, -4.675744623664327, -5.935993834865902]jd_time:[2460204.6293055555]
sat:41608ECI:[3930.099174732256, 663.2315802236807, -5233.402023047211, 6.2485790214145505, -0.5715147825416557, 4.6132219683066475]jd_time:[2460204.6293055555]
sat:41609ECI:[956.1379088490153, 2956.1805029437955, 5784.478603319615, -0.08855075931462773, -6.925079834384616, 3.5619243939806258]jd_time:[2460204.6293055555]
sat:41610ECI:[2898.238649326487, -3065.282760870395, -5011.6267286466655, -5.123455380968345, 3.2200091024815367, -4.9282328789574965]jd_time:[2460204.6293055555]
sat:41611ECI:[-2334.975383753393, -2876.891426180609, -5421.418984300088, 2.6270666393186217, 5.952037737231018, -4.287372704700341]jd_time:[2460204.6293055555]
sat:41612ECI:[3477.062908385218, -4494.9599283071275, -3255.883578722486, -3.238811061477049, 2.3570810819100623, -6.6973154570190765]jd_time:[2460204.6293055555]
sat:41613ECI:[-725.077715599176, -534.0540059825208, -6481.13490393076, -6.8216506160960435, 3.776323331820674, 0.45058342983732835]jd_time:[2460204.6293055555]
sat:41614ECI:[291.4383017812297, -3586.852620921426, 5481.259311630239, -1.2391026348518426, -6.465879724578077, -4.1726626632645445]jd_time:[2460204.6293055555]
sat:41615ECI:[2034.7072003607639, 2334.576736174998, -5815.564673137739, 5.903785266559474, 3.641727240040702, 3.524580716131511]jd_time:[2460204.6293055555]
sat:41616ECI:[3920.672316508105, 5263.537901941239, -672.9229676667707, 1.251602180769629, 0.05530140450961154, 7.6711083291751985]jd_time:[2460204.6293055555]
sat:41617ECI:[1472.5794103529452, -172.6000100069641, 6392.629010386437, -6.785317744764308, -3.533407767141196, 1.4705763206059161]jd_time:[2460204.6293055555]
sat:41618ECI:[5212.620309008386, -2331.506459788608, 3230.2185040059694, 3.002868404102485, -2.5665751710329925, -6.717402759629201]jd_time:[2460204.6293055555]
sat:41761ECI:[-1543.683077904485, 3806.235439179145, 5114.813228635793, -6.872893189307268, -3.617209516487606, 0.6160579428735911]jd_time:[2460204.6293055555]
sat:41762ECI:[6285.310719106254, 1600.553108978193, -1054.864496297568, -0.26934054512232264, 4.990352176309928, 5.978229481012709]jd_time:[2460204.6293055555]
sat:41763ECI:[3531.5811300072337, 5162.321169429095, 1939.3651419429168, -5.172175681924707, 1.4211435051739614, 5.661838960243203]jd_time:[2460204.6293055555]
sat:41764ECI:[-1447.0785301598771, -4688.204867889205, -4344.788434757849, 5.327436161950437, -4.666857315325352, 3.260525326850458]jd_time:[2460204.6293055555]
sat:41769ECI:[1438.1650570601837, -5363.391601525202, -3434.003634862737, 6.240204198632942, -1.2316560868068125, 4.541932414409512]jd_time:[2460204.6293055555]
sat:41776ECI:[1075.8416436568268, -6421.823011444793, 631.1975830655525, 4.7078037396628165, 1.3797822374071516, 6.072812169529685]jd_time:[2460204.6293055555]
sat:41777ECI:[2629.7297729534894, -5350.561051940028, 2676.9703177661854, 5.804627559972117, 0.24367621339284687, -5.219443896825208]jd_time:[2460204.6293055555]
sat:41782ECI:[6525.360666650627, -169.5913899076293, -186.0647835083465, -0.05432439464037196, 4.858017117445827, -6.120227355975144]jd_time:[2460204.6293055555]
sat:41950ECI:[4161.142944382276, -3044.857576025823, 4040.1438466714553, 3.0916960322825893, -3.805709995574267, -6.063080709730269]jd_time:[2460204.6293055555]
sat:41951ECI:[-5839.024270310124, 2786.067009875348, -980.1099604697463, -0.6287437578071722, 1.3961800375849012, 7.653952787703876]jd_time:[2460204.6293055555]
sat:41952ECI:[2308.0487145583456, -1917.4623081749783, 5807.423046411378, 3.7664729745230336, -5.901307742098393, -3.448302488376664]jd_time:[2460204.6293055555]
sat:41953ECI:[331.84778010389545, 2661.3115046865746, -6057.685849961708, 3.2317332408394686, 6.39127571596984, 2.9853202304198483]jd_time:[2460204.6293055555]
sat:41955ECI:[-1400.4522732612897, -917.9109928156513, -6361.570829932279, 3.367165601773582, 6.807072731184546, -1.7192759579736083]jd_time:[2460204.6293055555]
sat:41956ECI:[-325.6613334377454, 4669.035396962998, -4577.788271476834, 1.7404882780346058, -5.272938304961626, -5.488008743503178]jd_time:[2460204.6293055555]
sat:41957ECI:[4247.113553094915, 4641.332826966852, 1759.101523805378, -0.6516533651323014, -2.2186688406176036, 7.4605142286293775]jd_time:[2460204.6293055555]
sat:41958ECI:[3439.3270746584835, 5628.764495099411, 356.1846035098049, 0.6245618285178968, -0.8614689861936748, 7.696365550794925]jd_time:[2460204.6293055555]
sat:41959ECI:[-867.1904591391243, -3157.9786021725013, -5738.614619997666, -0.17542002563779188, 6.817731410139019, -3.720448607910057]jd_time:[2460204.6293055555]
sat:41960ECI:[-1905.7825248461363, 5822.340210379482, 2296.1159469696836, 1.8396448984315423, -2.249089959751127, 7.243524207922405]jd_time:[2460204.6293055555]
sat:41961ECI:[402.15907329190344, -891.1617965733465, 6506.377103114515, -4.300875178756766, -6.454419605980891, -0.6160280154074632]jd_time:[2460204.6293055555]
sat:41962ECI:[-5406.212826356007, -3669.9246073228705, 696.8920610998958, -1.225438693539023, 0.35956959436677344, -7.681381570070434]jd_time:[2460204.6293055555]
sat:41963ECI:[1658.3524263979668, 4746.86564049893, 4199.234220061857, -0.41919700284732037, -5.071408744234491, 5.909426871429273]jd_time:[2460204.6293055555]
sat:41964ECI:[824.4094671436225, -818.6612895223345, 6477.485790919477, -0.08921600672471752, -7.71953477570591, -0.9624911484841439]jd_time:[2460204.6293055555]
sat:41965ECI:[-421.7659482171992, -6000.318765215399, -2605.00010537722, -0.8557457446332193, 3.139643495505706, -7.088140612369669]jd_time:[2460204.6293055555]
sat:41966ECI:[-178.1917198814567, 6046.4555993538315, 2466.5733074309464, 1.1450937748953451, -2.883723726802982, 7.1666881530080495]jd_time:[2460204.6293055555]
sat:41967ECI:[-478.1303952305695, 685.5933889407593, -6523.517304905472, 6.947104676306155, 3.5180632494766595, -0.1367113074554924]jd_time:[2460204.6293055555]
sat:41968ECI:[5082.130968995588, -3450.1467416317605, -2198.0735687561146, -2.7509865331680112, 0.6109259074510988, -7.293251829587759]jd_time:[2460204.6293055555]
sat:41969ECI:[1550.209598165624, 3427.663219182397, -5403.336602947959, 4.129184966311875, 4.971656369453535, 4.3376802589128145]jd_time:[2460204.6293055555]
sat:41970ECI:[-5741.425216709105, -2435.5606623618733, 2023.9873890161916, -2.591449451624584, 0.02086543165800597, -7.352370606614643]jd_time:[2460204.6293055555]
sat:41971ECI:[-3537.7312150431335, -5524.2614611842655, 236.36031846602418, -0.9740683134673817, 0.29996041005215435, -7.723849323331274]jd_time:[2460204.6293055555]
sat:41972ECI:[-907.8314688046371, -2241.1891098138826, -6067.311540920667, 0.10239026630280158, 7.319069268244705, -2.7289057361527553]jd_time:[2460204.6293055555]
sat:41973ECI:[-1353.9341601450894, 6297.816206811871, 1135.8304708424741, 1.2551434421045051, -1.0979708276827898, 7.626288353481928]jd_time:[2460204.6293055555]
sat:41974ECI:[-783.3565230748836, 578.5185647732014, -6463.323343621633, 0.5433040557051442, 7.766282807635163, 0.641721010493467]jd_time:[2460204.6293055555]
sat:41975ECI:[1313.2606860660053, 5395.701397301118, 3451.4035436531085, 0.15941188748197388, -4.227621735780708, 6.561019147447076]jd_time:[2460204.6293055555]
sat:41976ECI:[5128.31142925477, -4058.625063754445, -204.14138618722455, -0.8038656854313716, -0.6134116160782246, -7.738147163822231]jd_time:[2460204.6293055555]
sat:41977ECI:[-243.50559506353255, -4146.94698501764, 5063.724978525215, -1.882224989369805, -5.806771962307112, -4.848838101500202]jd_time:[2460204.6293055555]
sat:41978ECI:[639.629259256354, 5999.38019991445, 2454.404619839071, 0.7445966814918741, -3.0097561158632065, 7.189489519776164]jd_time:[2460204.6293055555]
sat:41979ECI:[874.6330164230303, 1869.9815763783847, 6210.824193783079, -0.05278253100500819, -7.465600772025093, 2.2595913259919786]jd_time:[2460204.6293055555]
sat:41980ECI:[1121.5424528217677, 351.19459837784956, 6441.605108579539, 6.862196072105828, -3.565963610134206, -1.0006852902277277]jd_time:[2460204.6293055555]
sat:41981ECI:[-3762.3577559033474, -3804.3165997075685, -3773.074524399546, 2.2723728498189737, 4.011132234740398, -6.2963489935562285]jd_time:[2460204.6293055555]
sat:41982ECI:[758.6850895202741, -1480.8070282197727, 6343.996442459912, -0.45675766213769403, -7.587485967515291, -1.7158039136721357]jd_time:[2460204.6293055555]
sat:41983ECI:[-837.1638176987117, -4983.484639264289, 4221.931912189624, -2.0712791277169953, -4.637617306135682, -5.890131075046497]jd_time:[2460204.6293055555]
sat:41984ECI:[-559.6541049205271, -743.0648671322672, -6457.34086392542, -3.2775525421215117, 7.07737779316034, -0.5227420206450675]jd_time:[2460204.6293055555]
sat:41985ECI:[3349.017355042326, -4295.698882947104, 3735.6345493621175, 1.7321146351309697, -4.151199484049921, -6.331535353722613]jd_time:[2460204.6293055555]
sat:41986ECI:[1181.4747648934392, -2019.1917445166875, 6143.891325951139, 1.06471651184048, -7.261740684625018, -2.5897837746675005]jd_time:[2460204.6293055555]
sat:41987ECI:[-3501.672234264089, 5401.774224391043, 1513.7161957611168, 1.7994080346747174, -0.928668871955224, 7.495479950262277]jd_time:[2460204.6293055555]
sat:41988ECI:[1451.5387915114084, -1368.4375526627173, 6209.511458507259, 2.7240323993128324, -6.991016694524591, -2.1895090464478524]jd_time:[2460204.6293055555]
sat:41989ECI:[-938.9079213650425, 438.73322019304334, -6446.066506642912, -1.6588359874060754, 7.601731542536009, 0.759417723509412]jd_time:[2460204.6293055555]
sat:41990ECI:[4938.32819298227, -2376.535737852631, 3580.016687040403, 3.2879581188980826, -2.8784969391341497, -6.461772139648754]jd_time:[2460204.6293055555]
sat:42001ECI:[-1785.852223483929, 4172.572163403289, -4729.854739567987, -0.8693214489560286, 5.644668560614699, 5.312674919437619]jd_time:[2460204.6293055555]
sat:42002ECI:[-1079.1833887859711, -704.4085867678417, -6439.486592340276, 2.1592689866021955, 7.39683063059362, -1.1684042082024733]jd_time:[2460204.6293055555]
sat:42003ECI:[2925.088044139425, -4580.634201079663, -3617.157327560958, -3.300694831616853, 2.979893338023341, -6.42796676123277]jd_time:[2460204.6293055555]
sat:42004ECI:[-1862.4670282924392, -5838.086599325959, 2409.1841599315094, -1.8574949744488631, -2.363260081968933, -7.173676199411943]jd_time:[2460204.6293055555]
sat:42005ECI:[1371.9041894041245, 5402.967814515887, 3428.3784938093145, 0.12282448501613973, -4.19903398943975, 6.575544884367588]jd_time:[2460204.6293055555]
sat:42006ECI:[-235.83967290122416, -1897.0745116548285, -6243.576290737589, -2.49817866387323, 7.1118898056610185, -2.064849284933877]jd_time:[2460204.6293055555]
sat:42007ECI:[-369.31928865163553, -968.3257704337459, -6493.568929462709, -4.166609297757185, 6.540009532523475, -0.7346197754294931]jd_time:[2460204.6293055555]
sat:42008ECI:[-2671.0642344975845, 4002.524119433114, -4435.601044990004, -1.7837785431762636, 5.079953559027893, 5.6508720073464795]jd_time:[2460204.6293055555]
sat:42009ECI:[-1324.0276924719842, 5267.031104927286, 3610.9720441577374, 2.1828216210249023, -3.8586057168510535, 6.438835862416632]jd_time:[2460204.6293055555]
sat:42010ECI:[5184.756528820214, -3183.347557606188, 2408.3993619068833, 1.8677653476299036, -2.383893033036699, -7.191982862503624]jd_time:[2460204.6293055555]
sat:42011ECI:[165.27093720881612, -3854.3573378706174, -5273.051698358377, -1.9252938458179878, 6.089012721589357, -4.502951689470002]jd_time:[2460204.6293055555]
sat:42012ECI:[1364.093549733214, -4152.29678196967, -4864.069142083493, -3.1770846835089763, 4.961669572427303, -5.127613538357065]jd_time:[2460204.6293055555]
sat:42013ECI:[-2762.317221204476, -3159.737602192614, -5137.133753811131, 2.710890660502414, 5.448538404437162, -4.802919344767227]jd_time:[2460204.6293055555]
sat:42014ECI:[-2468.2680148789464, 5991.511196839962, -1030.2381189289138, 0.45200819709754664, 1.5062727868776629, 7.635299105254826]jd_time:[2460204.6293055555]
sat:42018ECI:[-623.6893724732206, -3381.295743458979, -5556.608284282879, -0.6624028570406196, 6.686510004554149, -3.9879703753157245]jd_time:[2460204.6293055555]
sat:42019ECI:[-1818.7298457459015, 5384.634526906143, 3279.0420540831515, 2.306680957402044, -3.281854863066442, 6.681489315394413]jd_time:[2460204.6293055555]
sat:42020ECI:[-736.1027035341949, 5117.8831052349715, 4038.000752313581, 1.9049076982145385, -4.504204361759886, 6.068040918376573]jd_time:[2460204.6293055555]
sat:42021ECI:[-3946.9419821342026, 5262.8317214065255, -24.226912433435462, 0.7649390613727554, 0.6171036756198007, 7.724355206865892]jd_time:[2460204.6293055555]
sat:42022ECI:[-453.58204070150293, 1930.8499166679646, -6228.204857251217, 1.601722026483729, 7.33585051123245, 2.1582464425401406]jd_time:[2460204.6293055555]
sat:42023ECI:[802.4613650892826, -5927.191660065633, 2619.6294956278944, -0.6447854408682167, -3.214413432565542, -7.090810153050303]jd_time:[2460204.6293055555]
sat:42024ECI:[152.1040566600298, 4913.662173545451, -4334.593263410342, 1.466087378202643, 5.046436219769462, 5.766035761933792]jd_time:[2460204.6293055555]
sat:42025ECI:[-3611.0676365691966, 4164.144464576564, -3511.1793508138553, -1.842795803288804, 3.9024782987710918, 6.51163678630667]jd_time:[2460204.6293055555]
sat:42026ECI:[893.2147241362057, 68.58429084562037, 6482.0712107136205, 3.6194301599921745, -6.897408125801751, -0.4245999003706474]jd_time:[2460204.6293055555]
sat:42027ECI:[1694.0208360017582, -4259.889529296119, 4683.940460031073, 0.7233529199432338, -5.607731155860153, -5.366834366901226]jd_time:[2460204.6293055555]
sat:42028ECI:[632.9030506808889, -6112.497215079786, 2185.4517120669047, -0.7666834320247364, -2.6854448626442418, -7.2959252259479435]jd_time:[2460204.6293055555]
sat:42029ECI:[27.262369507969385, 5600.901358003052, 3358.531765701189, 1.124783215043815, -3.9736115606431106, 6.629526520243219]jd_time:[2460204.6293055555]
sat:42030ECI:[-1207.5729387135084, -6274.602947623062, -1549.937941944959, -0.6443989408980345, 1.984036877376126, -7.501283701129585]jd_time:[2460204.6293055555]
sat:42031ECI:[-1507.3128568400923, 2710.290408573339, 5712.109642051948, 5.033267413723647, -4.805291948996407, 3.596100588642064]jd_time:[2460204.6293055555]
sat:42032ECI:[-606.9655647323137, 6216.087209675168, -1935.6649877574575, 0.7999292833239825, 2.3875522592087974, 7.39274489077779]jd_time:[2460204.6293055555]
sat:42033ECI:[2001.4381782447613, -879.6668060835735, 6207.128884899434, 5.041026340014305, -5.419946173856698, -2.394983790693884]jd_time:[2460204.6293055555]
sat:42034ECI:[715.1956410471248, -5568.048902731046, 3400.358039888109, -0.6277559070709191, -4.106037231577487, -6.590725790529391]jd_time:[2460204.6293055555]
sat:42035ECI:[-1036.854570493034, 5061.838407216882, 3925.851507031389, 2.1505203638486754, -4.34110421727897, 6.167411327185064]jd_time:[2460204.6293055555]
sat:42036ECI:[-1232.3562107049145, -1588.7952348020303, -6232.050243864677, 1.624040855628396, 7.315624048389877, -2.1814733904041024]jd_time:[2460204.6293055555]
sat:42037ECI:[-306.6896059801709, 6296.355057706087, -1832.20196711209, 0.91481031109407, 2.2088121520272765, 7.418466400681019]jd_time:[2460204.6293055555]
sat:42038ECI:[2580.9318082458617, -5115.597832514143, 3177.9783546250037, 0.6876467512704697, -3.8404545527156033, -6.7501885939662625]jd_time:[2460204.6293055555]
sat:42039ECI:[-620.773080752893, 6480.17538464504, 418.5409504437968, 1.0263523405297383, -0.397534902247793, 7.741355764334511]jd_time:[2460204.6293055555]
sat:42040ECI:[1582.410868304463, 3428.03983401707, 5376.991610425768, -1.053128993281934, -6.358479205104156, 4.370128079565417]jd_time:[2460204.6293055555]
sat:42041ECI:[-588.9549818643652, -1623.5962548626069, -6294.2467413922905, -1.2254709877992862, 7.502661105123087, -1.8204602596354753]jd_time:[2460204.6293055555]
sat:42042ECI:[-1303.907723761698, -5848.027263005195, 2668.559188528129, -1.7297186107833038, -2.8274256640813693, -7.053466043849511]jd_time:[2460204.6293055555]
sat:42043ECI:[-391.8431634960539, 2557.1144800895136, 6011.125826855754, 3.476668647271955, -6.339974178352358, 2.9284907679327103]jd_time:[2460204.6293055555]
sat:42044ECI:[-2886.306962526384, 2448.745791488461, -5385.885923015976, -3.642631089300848, 5.319263522285851, 4.3652393829677525]jd_time:[2460204.6293055555]
sat:42045ECI:[2311.4781320801044, 6095.701182987162, 754.7276911069897, 0.6091794398055816, -1.1751310063903624, 7.681284954653573]jd_time:[2460204.6293055555]
sat:42046ECI:[1093.8931677389028, 557.2519664941331, 6480.077584406961, -2.621522501334485, -7.237922986377727, 1.0679935055794414]jd_time:[2460204.6293055555]
sat:42047ECI:[-388.25835472416776, 861.0013352033022, -6521.355977209664, 4.707328661968113, 6.171122017809977, 0.5360378962748626]jd_time:[2460204.6293055555]
sat:42048ECI:[-6061.649950534444, 2196.228768810237, 1097.0333659214568, 1.5492018122756896, 0.49486675581600864, 7.6347911884082995]jd_time:[2460204.6293055555]
sat:42049ECI:[-4364.727238522465, 4847.3561417991805, 333.0749116567225, 1.0484517128800432, 0.36063479801149484, 7.743795923056948]jd_time:[2460204.6293055555]
sat:42050ECI:[630.7964806769927, 573.3083834366602, 6485.602471210361, 3.5399435288863526, -6.947662055684864, 0.270877777685095]jd_time:[2460204.6293055555]
sat:42051ECI:[-1247.3063851095926, 6420.76474100308, 99.06328209416358, 0.9871165713847357, 0.08011826175826361, 7.744256247147273]jd_time:[2460204.6293055555]
sat:42850ECI:[6225.1065674500105, -931.4611857407001, 1836.6205903148543, -2.2716117438200567, -0.6312768746882677, 7.4314254505498605]jd_time:[2460204.6293055555]
sat:42851ECI:[-1359.6657600021897, -350.2169861312764, 6411.351715165382, -7.214326455344815, 2.5850660341864966, -1.3915630528830147]jd_time:[2460204.6293055555]
sat:42852ECI:[1128.0759773012433, -1257.895701622891, -6309.2730492375385, 1.8367104518400696, -7.380097758545808, 1.8049775833560693]jd_time:[2460204.6293055555]
sat:42853ECI:[1272.9018500963116, 400.6639657577453, -6431.548995966569, 7.278315082319632, -2.4718274380324803, 1.2787304527651349]jd_time:[2460204.6293055555]
sat:42854ECI:[164.95258109804942, -1093.9010455263665, 6527.082733995444, -6.242061200244079, 4.513393850164883, 0.9163877227423827]jd_time:[2460204.6293055555]
sat:42855ECI:[3353.134567838719, -5201.064108001263, 2211.082101063277, -2.2285587038217534, 1.6514628413032242, 7.277288191949792]jd_time:[2460204.6293055555]
sat:42856ECI:[222.60013695685728, 862.4647071032829, -6455.415845409401, 7.517526506135348, 2.1049681960096116, 0.5382114296596479]jd_time:[2460204.6293055555]
sat:42857ECI:[729.3539507499277, -2738.631917295575, 5878.058090870244, -3.7937129619144367, 5.995243712366359, 3.2693513817570965]jd_time:[2460204.6293055555]
sat:42858ECI:[2222.326924201604, -3155.411159818904, 5357.875410003643, -4.8413784561595605, 4.13822304090409, 4.446893148151842]jd_time:[2460204.6293055555]
sat:42859ECI:[-3649.122454665453, 3485.4935800169646, 4250.998339469116, -2.7416691541285076, 4.287754271234903, -5.8733286237351185]jd_time:[2460204.6293055555]
sat:42860ECI:[-4177.137836024905, -541.958863778393, 5098.471401499478, -6.011674500067872, 0.6755589091196583, -4.8591711292523705]jd_time:[2460204.6293055555]
sat:42861ECI:[-83.7296239438988, 1522.225487486503, 6361.421714040377, 3.596790716939293, 6.744515599415911, -1.568044470075685]jd_time:[2460204.6293055555]
sat:42862ECI:[5757.08829475839, 433.68172312693775, 3053.871771643811, -3.524032507327936, -1.3120440772821436, 6.844210799720217]jd_time:[2460204.6293055555]
sat:42863ECI:[1078.891597886921, -550.1260289958349, -6418.740862922902, 3.025398424200478, -7.118698806691659, 1.1187015073172333]jd_time:[2460204.6293055555]
sat:42864ECI:[1197.414828205302, -253.92344477053248, -6411.346398688852, 4.807609041858628, -6.059193102707981, 1.134196613004268]jd_time:[2460204.6293055555]
sat:42865ECI:[-917.2655806448078, -6361.948080237668, -940.7864459566114, -0.7607340947207845, 1.2539799063912036, -7.695785898965185]jd_time:[2460204.6293055555]
sat:42866ECI:[-1724.563101788795, -3553.31523020584, -5187.56518844064, 1.297389374366965, 6.1602554116779595, -4.644072599915973]jd_time:[2460204.6293055555]
sat:42867ECI:[-4828.658523605963, -21.959841078338243, -4396.57184177302, 5.193024590741319, 1.270694887510247, -5.701754433168957]jd_time:[2460204.6293055555]
sat:42868ECI:[709.7520591194428, -2452.1190561454378, 6023.591784868424, -4.178300052120187, 5.917957205514228, 2.901127226668685]jd_time:[2460204.6293055555]
sat:42869ECI:[-1066.1479749450432, -616.5756359198771, 6490.126957271213, -7.569909691789485, 1.3156229510159556, -1.1211315905944073]jd_time:[2460204.6293055555]
sat:42870ECI:[-1321.7097465576887, -5268.879240021613, 3599.2049671290433, -2.110463425204717, -3.8720118103789054, -6.454476658974565]jd_time:[2460204.6293055555]
sat:42871ECI:[-4057.328473574544, -677.5940630974748, -5026.1200646914685, 5.637448729879006, 2.421561759541303, -4.877716551234304]jd_time:[2460204.6293055555]
sat:42872ECI:[-5748.833810724901, -3047.9023064829817, 568.9786640666973, -1.0265498423444748, 0.4993919318698708, -7.72299050002541]jd_time:[2460204.6293055555]
sat:42873ECI:[2657.3218555876506, -145.76760054748908, -5958.854587381648, 6.703630742003363, -2.633355487164669, 3.0465436952669993]jd_time:[2460204.6293055555]
sat:42874ECI:[808.5403595687042, -1042.4193079120487, 6413.8629719115615, 0.16203349173363712, -7.692787361358282, -1.2733022445711586]jd_time:[2460204.6293055555]
sat:42875ECI:[6126.521009536096, -330.03733664467285, -2497.0345366632623, 2.842129024024636, -1.1452278370387734, 7.12342573964538]jd_time:[2460204.6293055555]
sat:42876ECI:[-2253.6755826473454, 3810.2122361971124, 4819.729819887262, -1.7025476091901528, 5.561821149393179, -5.20018914318849]jd_time:[2460204.6293055555]
sat:42877ECI:[-6476.017197962402, -1093.7011882365148, -158.8550281043871, 0.04228958011345765, 0.9403408169068407, -7.729962733531474]jd_time:[2460204.6293055555]
sat:42878ECI:[-3676.688851984928, 5447.3555767741955, 233.3290070330589, 0.6126256672548017, 0.7369062706553154, -7.725536995253138]jd_time:[2460204.6293055555]
sat:42879ECI:[-2275.388435074157, -1811.8709256546626, 5833.513572275974, 3.9918382649947866, 5.821791270013846, 3.3728118993996037]jd_time:[2460204.6293055555]
sat:42880ECI:[-5311.8635287512425, -3323.0511255424244, 1857.006091498415, -2.370383708979442, -0.3463958477333799, -7.432185589206861]jd_time:[2460204.6293055555]
sat:42882ECI:[2821.950756603606, -5616.553790584412, -1799.191540834764, 0.10437627578117911, -2.3421584034764673, 7.448953634769228]jd_time:[2460204.6293055555]
sat:42883ECI:[-2120.8308855841055, 1706.3826703901627, 5961.051539754603, -3.902335126504695, 5.993467110799523, -3.1085911706955494]jd_time:[2460204.6293055555]
sat:42884ECI:[3991.1500324055523, -334.9247305202621, 5157.125983138447, -6.158791619052099, -0.992748196807263, 4.694569684444573]jd_time:[2460204.6293055555]
sat:42885ECI:[-2734.349319483298, 4420.827205095449, -4009.0599568871176, 3.4699047495536757, -3.3930324646854864, -6.09680606289944]jd_time:[2460204.6293055555]
sat:42886ECI:[-1718.271877921055, -6151.85825912113, -1363.6199853682745, -0.4706324178761671, 1.8232866281852222, -7.58323260879578]jd_time:[2460204.6293055555]
sat:42887ECI:[-4851.256841621263, -2463.5358361137132, -3592.1416644229676, 3.306185497052097, 2.9231265791904577, -6.457094793081281]jd_time:[2460204.6293055555]
sat:42888ECI:[-2863.339997967998, 5832.882227905646, -706.6794667710608, 1.2020194748875888, -0.34249146535861985, -7.711587930378021]jd_time:[2460204.6293055555]
sat:42889ECI:[720.3870757708578, -1730.0275706290963, 6284.003510847688, -5.590384094794518, 5.035977327982996, 2.02919080902341]jd_time:[2460204.6293055555]
sat:42890ECI:[693.243278539208, -2511.6472591210727, 5952.884347317604, -0.3947142650428786, -7.219955882134499, -3.002989763859294]jd_time:[2460204.6293055555]
sat:42891ECI:[1145.1265602189544, -4722.482663790454, -4398.563128954988, 0.010722758534069487, -5.317690471850929, 5.706897915572488]jd_time:[2460204.6293055555]
sat:42892ECI:[-4911.09908389963, 4272.170444288046, -746.7609526715785, 1.2817969795134743, 0.11702321348031249, -7.693506780293788]jd_time:[2460204.6293055555]
sat:42893ECI:[4145.536342583639, 1516.43788252398, -4773.307962531532, 5.785514701811613, 0.6641900686887163, 5.239352009537774]jd_time:[2460204.6293055555]
sat:42894ECI:[3818.968019556898, -3583.6843013112984, 3903.8336535046283, -4.149344017320143, 2.317571473355753, 6.197196756145734]jd_time:[2460204.6293055555]
sat:42895ECI:[6140.492571881484, 1678.9640266747488, 1356.6578033307305, -1.3065520897235074, -1.3363846654957263, 7.595550035214567]jd_time:[2460204.6293055555]
sat:42896ECI:[-5530.33895655393, 3096.118840761663, 1593.3444744660976, -1.1773777669994856, 1.7513435701964366, -7.519309325406568]jd_time:[2460204.6293055555]
sat:42897ECI:[5731.963044612157, -2931.8760401083246, 1478.0615652184242, -1.960271636682766, -0.05403520741275144, 7.5149276705807155]jd_time:[2460204.6293055555]
sat:42995ECI:[383.1334841944876, -748.1077346502394, -6467.204149930269, -7.0184845860205245, -3.455504078956891, -0.010634806911956072]jd_time:[2460204.6293055555]
sat:42996ECI:[-4120.81826955801, -2918.0279571853666, -4148.690779335245, -4.748229703346081, -1.7659787445016926, 5.948418363449318]jd_time:[2460204.6293055555]
sat:42997ECI:[-804.4660630523497, -861.7699159181745, -6411.842711337033, -7.762298011499846, -0.11528334303927902, 0.9853330628233604]jd_time:[2460204.6293055555]
sat:42998ECI:[-152.31548656285054, -1097.478644728025, -6459.321690965373, -6.5960396691176495, -4.081523265049105, 0.8474637787282174]jd_time:[2460204.6293055555]
sat:43119ECI:[464.4258974002718, -3505.40593676795, -5529.922920819352, -0.9826201866679409, -6.573856328085928, 4.077514674982473]jd_time:[2460204.6293055555]
sat:43120ECI:[-3129.498739083961, 5446.131470889158, -1975.1012302505367, 2.0583174043598236, -1.4985501099115668, -7.35375040656721]jd_time:[2460204.6293055555]
sat:43121ECI:[5038.236882746191, 293.64431975844576, 4167.927801523001, 4.958543014258861, -1.0044316877520094, -5.937033156437304]jd_time:[2460204.6293055555]
sat:43122ECI:[3191.228590074882, -4484.309563749591, 3579.387954564302, -3.390660653920636, 2.724349475175134, 6.461638859540743]jd_time:[2460204.6293055555]
sat:43723ECI:[4594.14330672524, 4278.372990224273, -1744.438026941225, 2.2319287328547204, 0.658892728048985, 7.468606916453585]jd_time:[2460204.6293055555]
sat:43724ECI:[-2241.733688626255, 5619.096290723867, -2510.88414563695, -0.09982556012584104, 3.1547821408935386, 7.138322975619368]jd_time:[2460204.6293055555]
sat:43725ECI:[3169.6519194382226, 5746.715525265612, -106.92896607083938, 0.933657799485375, -0.36278211269215105, 7.728662732090906]jd_time:[2460204.6293055555]
sat:43726ECI:[2465.239003584488, 5109.197513024571, 3238.764634351339, -0.6353497137793186, -3.938403466374508, 6.715038167715852]jd_time:[2460204.6293055555]
sat:43727ECI:[851.2658031048389, 3181.581540960996, -5689.2130233462185, 3.5988555225224625, 5.787166228428181, 3.7753769618387443]jd_time:[2460204.6293055555]
sat:43733ECI:[974.0978745104393, 166.3231665626971, 6442.301865492065, -3.0256545636184757, -7.182742453635938, 0.6349147986302605]jd_time:[2460204.6293055555]
sat:43734ECI:[669.7115825457165, -4149.255518875565, 5001.461224778375, -0.5937238936179828, -6.02868985040176, -4.923838759618875]jd_time:[2460204.6293055555]
sat:43735ECI:[-1206.087681625648, -2297.509755898812, -5995.512322505871, 0.9458131851754044, 7.178082675964064, -2.9363070586784854]jd_time:[2460204.6293055555]
sat:43736ECI:[348.38110132883435, -2687.8344503782246, 5943.829674013559, -1.5042974626179484, -7.010741531122836, -3.0889045378623883]jd_time:[2460204.6293055555]
sat:43740ECI:[-1817.981838133622, -3253.3258105529794, -5358.163198126559, 1.5313765303835765, 6.314561300751676, -4.347071662864454]jd_time:[2460204.6293055555]
sat:43741ECI:[2859.5206759452594, 1273.6773790982577, 5813.071131003499, -5.164154692101731, -4.590851436959112, 3.547502995804296]jd_time:[2460204.6293055555]
sat:43742ECI:[1520.537246443566, 3149.7835869244796, -5493.542149759197, 4.460823893653538, 4.969045542146388, 4.076274146220634]jd_time:[2460204.6293055555]
sat:43747ECI:[-4837.587174755658, -3687.090638705414, 2328.267127392894, -2.84647450969785, -0.8274839959572476, -7.243230404076607]jd_time:[2460204.6293055555]
sat:43748ECI:[3022.3483314681125, 2946.0420889547327, -4996.632356069873, 5.268283763682916, 2.981289360066342, 4.935143256723053]jd_time:[2460204.6293055555]
sat:43749ECI:[1791.6944469021682, -98.49832873901474, 6310.063558803137, -6.81537539220708, -3.2663089851830014, 1.890104970250062]jd_time:[2460204.6293055555]
sat:43750ECI:[-4327.273300382037, -3037.492648910827, 3866.779118015609, -4.422228851800456, -1.602313099660537, -6.218857206832336]jd_time:[2460204.6293055555]
sat:43769ECI:[-1463.8272270934922, 2471.6900394422987, -6308.9839799263245, 5.402921897518226, -4.406021816344196, -2.990601855608444]jd_time:[2460204.6293055555]
sat:43788ECI:[-4520.167211527471, 4146.390725119125, -3222.498722680057, 3.331723123895459, -1.521613837254152, -6.645769295023107]jd_time:[2460204.6293055555]
sat:43821ECI:[-1832.4444759337155, 301.57258984184483, 6671.8718681680175, -5.670920935524144, 4.720890048724135, -1.775345433370404]jd_time:[2460204.6293055555]
sat:43892ECI:[-416.8236553624187, -2188.1606735588093, 6155.744130742757, -1.5232271063578948, 7.244747161409997, 2.4652002261997357]jd_time:[2460204.6293055555]
sat:43893ECI:[-1089.799773387294, -5571.040860584246, -3224.686482580433, -1.8263955457681549, -3.538076236873674, 6.72390791933289]jd_time:[2460204.6293055555]
sat:43894ECI:[157.37582216719633, 1332.5560207483175, -6485.43451646976, 4.024243278458265, -6.513675330249902, -1.245364466844147]jd_time:[2460204.6293055555]
sat:43895ECI:[2102.3616649058577, -3512.4955316986316, 5093.695947050192, -4.391480805243905, 4.32883095452427, 4.7899201236989315]jd_time:[2460204.6293055555]
sat:43896ECI:[-3234.1999850316092, 3207.209885486012, 4671.6381402790175, -2.9355233900460878, 4.867545556490636, -5.368007552946896]jd_time:[2460204.6293055555]
sat:43899ECI:[-609.9606079544429, 1009.619805510984, 6455.142171135813, 1.7564704178822084, 7.523774820285532, -1.0162266276729068]jd_time:[2460204.6293055555]
sat:43901ECI:[607.8706679617179, 2208.1852896077908, -6158.714052621858, 0.8684852330100938, -7.311746707818918, -2.539978263962346]jd_time:[2460204.6293055555]
sat:43902ECI:[-573.8730609513508, 4352.976041132892, 4853.573620990389, 0.6877964361884813, 5.829328388713653, -5.148434034147508]jd_time:[2460204.6293055555]
sat:43903ECI:[-3444.1142067888286, 5501.070838416763, 1058.2964299604805, 0.16902477240163571, 1.5735697289002983, -7.625966628853213]jd_time:[2460204.6293055555]
sat:43904ECI:[-1275.5190210017076, 130.0401314898973, 6475.705780464467, -5.317227237493248, 5.5466089683816575, -1.1651333542081603]jd_time:[2460204.6293055555]
sat:43905ECI:[213.37272550631357, 4889.028400057926, 4327.6824189790705, 1.5189186866162119, 5.042763251267173, -5.7732367159684514]jd_time:[2460204.6293055555]
sat:43906ECI:[-275.0962626591306, 3654.762984049045, -5416.366361705301, 2.199728274589511, -6.1575530853756435, -4.269006092993733]jd_time:[2460204.6293055555]
sat:44079ECI:[5286.095964876418, -1408.2365711964057, -3579.266064804662, -4.392683935859988, -0.04506430177399832, -6.459543440363435]jd_time:[2460204.6293055555]
sat:44080ECI:[-1333.1510821229897, -5799.89318290923, 2676.280019030017, -0.33765303053744944, 3.324150588782409, 7.062032675471673]jd_time:[2460204.6293055555]
sat:44081ECI:[-3633.449864415166, -5423.270441559157, -475.9589732928678, -1.1364856815590723, 0.06716812266995646, 7.720128209872415]jd_time:[2460204.6293055555]
sat:44082ECI:[-5054.640106305755, -1724.9764258251432, 3762.5173611798705, 3.810452563504616, 2.571193153307823, 6.310247485370076]jd_time:[2460204.6293055555]
sat:44088ECI:[-2711.2359596641463, 3210.014401749738, 5005.871699226181, 4.948466019947641, -3.490194211961518, 4.9266098136833]jd_time:[2460204.6293055555]
sat:44089ECI:[-6346.484105291913, 917.8350482921005, 1255.455835067119, 1.6057576132360847, 0.7786850792520918, 7.60145095572481]jd_time:[2460204.6293055555]
sat:44090ECI:[-314.78201922983055, 1595.7545381148252, 6355.28969598517, 5.136248411638526, -5.618619843877479, 1.6638193673909296]jd_time:[2460204.6293055555]
sat:44091ECI:[-2230.0581602266566, -167.57481286587952, -6146.509366873788, -7.022297337195857, 2.355360290452927, 2.484097935645482]jd_time:[2460204.6293055555]
sat:44092ECI:[-460.17225578306653, -948.1339332412193, -6445.862134022894, -7.59140073745545, -1.6917036071854823, 0.7888032498221049]jd_time:[2460204.6293055555]
sat:44093ECI:[-3984.562609577189, 416.22887382578443, -5170.391004708968, -5.846140784043134, 2.2220091857643745, 4.677023947940836]jd_time:[2460204.6293055555]
sat:44094ECI:[-57.78044997964528, 4332.8131674735905, -4927.3274504772535, 1.5606850959600456, -5.73122303731342, -5.052022735182567]jd_time:[2460204.6293055555]
sat:44095ECI:[-4318.679849428016, 4488.354224824819, 2002.9179150544412, 2.3802708684557774, -0.984745186418644, 7.366608528925477]jd_time:[2460204.6293055555]
sat:44096ECI:[-565.4599003031009, 5352.030378372464, 3711.145328911463, 0.7250897234521998, 4.472347400860607, -6.356659670180481]jd_time:[2460204.6293055555]
sat:44097ECI:[1089.4184169578145, -5883.356651498282, 2586.9709048953423, -1.607081680934712, 2.8180784485249535, 7.113856763850816]jd_time:[2460204.6293055555]
sat:44098ECI:[-5539.111046598894, -1736.4255809463389, 2984.920459337375, 3.034494469464616, 2.1102770266132778, 6.881981708791751]jd_time:[2460204.6293055555]
sat:44099ECI:[-1475.6168262042013, 245.25730881146487, 6396.8941052856435, 6.938024181831279, 3.205711051857809, 1.4782160366722863]jd_time:[2460204.6293055555]
sat:44100ECI:[6449.517473682555, 469.85837151445685, 861.7858156448505, 1.082498161210069, -0.9157607835046803, -7.686441523503867]jd_time:[2460204.6293055555]
sat:44101ECI:[-6284.754867155569, -1796.5041145254197, -141.56161945481892, -0.4421616592309762, 0.8953414623708074, 7.743551557731919]jd_time:[2460204.6293055555]
sat:44102ECI:[-3102.1674979609766, -3451.620509758858, 4604.6730383259, 2.5849208975334803, 4.9444982126928645, 5.455016151272026]jd_time:[2460204.6293055555]
sat:44108ECI:[2882.059048567579, 905.0067047126947, 5875.659615301161, 6.971508075641942, -0.04969740531694712, -3.417043538846641]jd_time:[2460204.6293055555]
sat:44807ECI:[267.6929439504055, 1532.7286650723015, -6359.273679705325, 3.0259406738217223, -7.026564995320324, -1.5645405996584894]jd_time:[2460204.6293055555]
sat:44808ECI:[-3124.5013285593086, -1469.7050240631158, -5534.304485793743, -6.632301267330951, -1.036043229659465, 4.0107149374550355]jd_time:[2460204.6293055555]
sat:44809ECI:[3149.944995689533, -2569.0247141837312, 5441.39089145681, -5.681126812572157, 2.521445613855679, 4.482116211960679]jd_time:[2460204.6293055555]
sat:44810ECI:[1478.5963068731573, -5303.315969789225, 3520.509339108326, -2.250203760063778, 3.6795629562719796, 6.506172505700143]jd_time:[2460204.6293055555]
sat:44811ECI:[-2724.0667378126727, -2401.778297860478, -5388.519852977799, -5.918784488733737, -2.8519650324103996, 4.2713255184230405]jd_time:[2460204.6293055555]
sat:44812ECI:[-973.7795442498651, 630.0418178448883, 6406.9752871943465, 7.557043395226653, 1.7678301047902667, 0.9383170282408834]jd_time:[2460204.6293055555]
sat:44813ECI:[2378.2096494181615, -190.05560350799743, -6097.2452241685, 6.573224319001769, -3.264401304869716, 2.663362409808298]jd_time:[2460204.6293055555]
sat:44814ECI:[6354.950633926793, 19.80837863965032, -1578.7130646109458, -1.8663505420138466, -1.032859723327776, -7.507447677700249]jd_time:[2460204.6293055555]
sat:44815ECI:[-722.6878340244526, 447.0519839281884, 6497.133524370496, 2.7117136682686835, 7.303375316979116, -0.20145911325707566]jd_time:[2460204.6293055555]
sat:44816ECI:[3517.8669482933824, -1087.8138720409156, -5708.854711079117, 5.440524130459929, -3.57380332772482, 4.038463861207005]jd_time:[2460204.6293055555]
sat:44817ECI:[-813.167951231248, 4936.432469042635, 4213.805019082115, 0.4802760142912762, 5.095082548553835, -5.890773805152956]jd_time:[2460204.6293055555]
sat:44818ECI:[-5792.255596766364, 3395.144100703864, -1099.683222254413, 1.5579212343793392, 0.23590316979812945, -7.488117851788537]jd_time:[2460204.6293055555]
sat:46282ECI:[-4372.544011693317, 2012.1522964466928, 4865.344084101151, -4.262704303521558, 3.4995328497153135, -5.276594328967171]jd_time:[2460204.6293055555]
sat:46283ECI:[930.7323485714512, 468.2806107877833, -6753.687554242922, 6.512103962091215, -3.9393804830915613, 0.6231210409995008]jd_time:[2460204.6293055555]
sat:46285ECI:[-2428.0364757470384, 566.7309310622953, 6385.108229710161, -5.858066742089224, 4.138546051836523, -2.5944691645109095]jd_time:[2460204.6293055555]
sat:46286ECI:[5100.633610812756, -3670.370837556988, 2741.662544332348, -3.0781781216498194, 0.8959079172508988, 6.91864667170115]jd_time:[2460204.6293055555]
sat:46288ECI:[192.00592646856884, -1153.0234413780515, 6754.994026688784, -6.487829312510621, 3.917292523644287, 0.8518680185324843]jd_time:[2460204.6293055555]
sat:46289ECI:[5617.146790933157, -3824.0971595261844, 1001.4288180757372, -1.4696294616555126, -0.19902656608195365, 7.471213849468687]jd_time:[2460204.6293055555]
sat:46290ECI:[219.03019340032884, -1222.1869085117391, 6743.534249290249, -6.264311159786387, 4.237230199139772, 0.9691684110722708]jd_time:[2460204.6293055555]
sat:46291ECI:[-4686.2497913093775, 3388.453237390616, -3649.5460921826643, 3.9431241100358, -1.4173702934017698, -6.382390825824397]jd_time:[2460204.6293055555]
sat:46296ECI:[-5406.691317570674, 2941.0930084412594, 3022.3631426543757, -2.4005602913490183, 2.5504614290139074, -6.772588628053258]jd_time:[2460204.6293055555]
sat:46297ECI:[4206.366853640529, -3304.699654153824, 4289.4166058902165, -4.47728799178081, 1.917871134072276, 5.866573142102882]jd_time:[2460204.6293055555]
sat:46313ECI:[5453.129291659304, -2875.2634213146484, -2970.630288192778, 2.390173693414543, -2.4930280627078685, 6.80583870724431]jd_time:[2460204.6293055555]
sat:46314ECI:[2142.546915827483, -248.59387430171773, -6449.458302489172, 6.234881980980015, -3.849080186060941, 2.218695152733635]jd_time:[2460204.6293055555]
sat:46321ECI:[-3571.9300194855027, 2698.6817597032823, -5149.788680880897, 5.415899707414125, -2.21423744215138, -4.916731449676704]jd_time:[2460204.6293055555]
sat:46322ECI:[4252.256890235199, -1752.6149335452471, -5065.15905311207, 4.569723699013356, -3.464558551503442, 5.036869869359122]jd_time:[2460204.6293055555]
sat:46527ECI:[2483.816912807575, -374.46623248436276, -6324.0987858132285, 6.203989668448401, -3.6154763070498097, 2.650739928401099]jd_time:[2460204.6293055555]
sat:46528ECI:[5091.215472282603, -3105.1822103242152, 3286.621042854021, -3.700351569246368, 0.9492391105896459, 6.6295671987958285]jd_time:[2460204.6293055555]
sat:46529ECI:[5401.292238484363, -3214.924266359961, 2613.3337868965405, -3.0413518691724546, 0.5781104977679169, 6.998161602052117]jd_time:[2460204.6293055555]
sat:46596ECI:[-1599.438655024007, -171.56694832551713, 6561.135501866917, -6.699513099174558, 3.4247244399337675, -1.5459559536165917]jd_time:[2460204.6293055555]
sat:46597ECI:[-4151.6989610690425, 1334.294270688965, 5231.6970173675545, -5.013345771030398, 3.21664839427132, -4.7989080073423205]jd_time:[2460204.6293055555]
sat:46609ECI:[5952.635466217961, -3242.252143686014, 658.5608342147752, -1.1137740914529939, -0.5110418396506384, 7.551657513731037]jd_time:[2460204.6293055555]
sat:46612ECI:[-4963.427679958337, 3412.488606029026, -3259.986978294518, 3.5906249518749975, -1.1214297810576335, -6.636113002542991]jd_time:[2460204.6293055555]
sat:46735ECI:[346.2859438088951, -1172.043085998866, 6659.94355715622, -6.710414809872335, 3.5837790984499605, 0.9785002895852544]jd_time:[2460204.6293055555]
sat:46737ECI:[-2914.4351439951406, 688.1452875542402, 6078.171815631076, -5.898769617845398, 3.668872855837368, -3.2479099190566485]jd_time:[2460204.6293055555]
sat:46738ECI:[-1621.0288643660228, 1737.182050104555, -6380.689716519442, 6.602578971344081, -2.964241957741261, -2.4825147666410095]jd_time:[2460204.6293055555]
sat:46812ECI:[-5884.727299279996, 2843.2040146277473, 1907.8106314173338, -1.4691309621821225, 1.8403137349829835, -7.279950085733847]jd_time:[2460204.6293055555]
sat:46813ECI:[2519.7176669865603, -675.4886097658314, -6262.457470849227, 5.786001222175252, -4.19322993260958, 2.774681965075925]jd_time:[2460204.6293055555]
sat:46814ECI:[-5068.883225291305, 2758.3863939104344, 3600.2944580552817, -2.9629749080226486, 2.9281905717656285, -6.423544696628255]jd_time:[2460204.6293055555]
sat:46815ECI:[5173.144351650299, -4265.576681647337, 1179.7086149190675, -1.6432989077689855, 0.06652760113255968, 7.470006185735807]jd_time:[2460204.6293055555]
sat:46816ECI:[2077.9752733791142, -322.27973215036343, -6469.612027350485, 6.061728026365451, -4.150828109791256, 2.1481112422895037]jd_time:[2460204.6293055555]
sat:46817ECI:[1132.266035861088, -1733.4084302343213, 6484.179769157495, -6.313496710152675, 3.7733595680820944, 2.106396300988885]jd_time:[2460204.6293055555]
sat:46819ECI:[5642.591267254483, -3738.8020621692876, 738.2583582373005, -1.2291154358315997, -0.3675866313350058, 7.539836226088611]jd_time:[2460204.6293055555]
sat:46820ECI:[-5655.037098084938, 3683.778816823237, -221.2889995721077, 0.7506231285446917, 0.686707376683066, -7.618546887616992]jd_time:[2460204.6293055555]
sat:46821ECI:[4951.851731412634, -3895.6511038739563, 2543.191134517896, -2.883734223291916, 0.9233898696480075, 7.030935349157034]jd_time:[2460204.6293055555]
sat:46822ECI:[5287.150904191743, -3594.9571277931195, -2323.1570515091116, 1.5593461160012574, -2.3208661945179454, 7.123595401307011]jd_time:[2460204.6293055555]
sat:46825ECI:[3452.123765288054, -849.4282414276915, -5737.205141075372, 5.70973385765104, -3.3262237146957534, 3.923902962399961]jd_time:[2460204.6293055555]
sat:47452ECI:[2130.863924535058, -2912.421094804527, 5812.009454857991, -5.2174588157510335, 3.981453933819082, 3.901769273252482]jd_time:[2460204.6293055555]
sat:47456ECI:[3081.9221340436966, -1749.7429651959067, -5863.640992489562, 4.560968042915212, -4.766963705449581, 3.82092322738209]jd_time:[2460204.6293055555]
sat:47462ECI:[3919.5874188972493, -4870.166163671614, 2887.527952031238, -2.8212836470834803, 1.7889203460725058, 6.83395945820597]jd_time:[2460204.6293055555]
sat:47469ECI:[1087.5030934565068, -2132.931537051268, 6411.040960104527, -5.5176994959483805, 4.654623304973953, 2.4813754112278197]jd_time:[2460204.6293055555]
sat:47471ECI:[-4541.991012450876, 3516.9206352224837, 3714.466978617616, -2.5259962311132993, 3.433001461623165, -6.335784446203902]jd_time:[2460204.6293055555]
sat:47472ECI:[-4103.580030459135, 4264.02203018397, -3437.9366056558733, 3.4424257991803184, -1.9419380778407316, -6.5283073303644]jd_time:[2460204.6293055555]
sat:47473ECI:[-5437.755557862847, 3633.694039929543, -1151.3271813003191, 1.6715477832340047, 0.09399344048496475, -7.566244789343543]jd_time:[2460204.6293055555]
sat:47474ECI:[-4722.017253931315, 3584.8228278059573, 3337.6144879087706, -2.2788917121698304, 3.144684600249814, -6.598708292925266]jd_time:[2460204.6293055555]
sat:47475ECI:[2241.5914464310767, -2848.817167661472, 5769.590715470133, -5.338558624074398, 3.8005213261436785, 3.9466062133775437]jd_time:[2460204.6293055555]
sat:47477ECI:[-4792.042750166761, 3847.073565524353, 3009.104539458132, -1.9092936799434679, 2.93321290186583, -6.784913624304634]jd_time:[2460204.6293055555]
sat:47478ECI:[1754.8925155204845, -460.7579955621361, -6606.325190290869, 5.282013317777723, -5.20887999766918, 1.7644616941122608]jd_time:[2460204.6293055555]
sat:47479ECI:[223.09209371155967, 3603.9154688407566, -5426.46912580994, 1.4087514377439487, -6.440330417692444, -4.2137695347577395]jd_time:[2460204.6293055555]
sat:47490ECI:[-3718.187926502598, 2340.559319032166, 5243.501267935516, -4.040191260716843, 4.349175341379623, -4.803413000195139]jd_time:[2460204.6293055555]
sat:47491ECI:[-3558.7500680996513, 2367.247674229839, 5341.136412657465, -3.9910024561899413, 4.538257586989282, -4.667891831967094]jd_time:[2460204.6293055555]
sat:47492ECI:[3488.3300956024186, -3801.46803694798, 4497.1438442152485, -4.303452871245952, 2.7641151689382655, 5.665406481354318]jd_time:[2460204.6293055555]
sat:47494ECI:[-4792.321139403033, 3544.8099144764337, 3271.480345421722, -2.2666334304131524, 3.0697081776541277, -6.640621531837669]jd_time:[2460204.6293055555]
sat:47495ECI:[-2207.39342552637, 965.7055302939908, 6409.206095232569, -4.9791901574480395, 5.216096947943432, -2.5032824733293477]jd_time:[2460204.6293055555]
sat:47496ECI:[-394.27459726840584, -825.7857174101175, 6778.871243236985, -5.717885928425986, 5.054595034898415, 0.2797381277420727]jd_time:[2460204.6293055555]
sat:47497ECI:[-4305.575794815045, 2515.311640838386, 4570.686951010943, -3.7391120605310766, 3.729104508256124, -5.5735933460079465]jd_time:[2460204.6293055555]
sat:47498ECI:[-5316.8892996625755, 3620.498211284019, 2081.6709130701765, -1.356863341700149, 2.1750622695287207, -7.2397528321332]jd_time:[2460204.6293055555]
sat:47499ECI:[-4442.854995945136, 4365.447673889775, -2815.3660565596533, 2.972345549309093, -1.4097458601585875, -6.891781038875567]jd_time:[2460204.6293055555]
sat:47500ECI:[4630.685070188439, -3410.498331335047, -3723.4402215713153, 2.6022312291983254, -3.3662903737505765, 6.3271388401235615]jd_time:[2460204.6293055555]
sat:47512ECI:[5138.40114071179, -4477.421010468658, -508.9164378470402, -0.22408329364065732, -1.1101445976353643, 7.550767871145782]jd_time:[2460204.6293055555]
sat:47514ECI:[3751.460363914397, -4158.707781253687, 3936.274967747305, -3.7945009359018753, 2.4194075448681955, 6.162944011807419]jd_time:[2460204.6293055555]
sat:47515ECI:[2019.5693473295294, -722.4995567973295, -6506.045623797551, 5.167005101736389, -5.167319899909541, 2.1771503643897017]jd_time:[2460204.6293055555]
sat:47516ECI:[-469.2731411853538, 1459.7780657323326, -6630.806878237522, 6.02707869612872, -4.492992129584363, -1.4185929749505777]jd_time:[2460204.6293055555]
sat:47518ECI:[3462.5864942670655, -3982.935585157367, 4358.599931063581, -4.105554387287521, 2.78594420122433, 5.798517144078408]jd_time:[2460204.6293055555]
sat:47520ECI:[3942.651537170472, -4267.367630328281, 3601.424819284674, -3.5490280897182185, 2.142185157884773, 6.413066120086457]jd_time:[2460204.6293055555]
sat:47521ECI:[-3480.866000454797, 1962.8512707284742, 5500.895621519097, -4.444731670534761, 4.427892279237616, -4.393523035788953]jd_time:[2460204.6293055555]
sat:47522ECI:[-3510.2666627585627, 2217.4868949035636, 5437.6602865156065, -4.150981856299768, 4.5346360625727975, -4.528293535863709]jd_time:[2460204.6293055555]
sat:47523ECI:[5092.20243840686, -4529.935736414157, -669.9951274069274, -0.10419424672750893, -1.2246136213875465, 7.527883404923331]jd_time:[2460204.6293055555]
sat:47527ECI:[-4651.692586049982, 3804.301405896827, 3272.223317458602, -2.091357661205185, 3.1517889699025847, -6.631823860064218]jd_time:[2460204.6293055555]
sat:47528ECI:[-4291.364509388848, 3124.0881721350147, 4316.936118434163, -3.097585827604891, 3.819543375826013, -5.840596230473373]jd_time:[2460204.6293055555]
sat:47530ECI:[-3895.911881462484, 2661.0029392247525, 4954.520630206772, -3.684196233718429, 4.239426792479136, -5.1724745370911505]jd_time:[2460204.6293055555]
sat:47539ECI:[-4843.805479460565, 4616.541423738834, -1444.7508146146213, 1.842475398104267, -0.37138592883237503, -7.395889904230601]jd_time:[2460204.6293055555]
sat:47540ECI:[5175.885511640459, -4443.045016465742, -613.0738862912383, -0.13175764423763986, -1.1838818992061628, 7.533848280413312]jd_time:[2460204.6293055555]
sat:47542ECI:[-466.47731348962037, 1603.7714200629832, -6644.2721316224315, 5.610198441400956, -4.914642875216422, -1.584229691226686]jd_time:[2460204.6293055555]
sat:47543ECI:[93.34071091357377, 1104.8286597584674, -6758.602109143066, 5.639501198439642, -5.077198891699911, -0.7545999031835721]jd_time:[2460204.6293055555]
sat:47544ECI:[-5033.594807263982, 4543.839705513101, 922.6433885874492, -0.09768455519431833, 1.4204408937196409, -7.499374203662576]jd_time:[2460204.6293055555]
sat:47545ECI:[1710.9346720775436, -256.27668907851836, -6561.494441938752, 5.7613044282092485, -4.760746487234368, 1.6859785171401327]jd_time:[2460204.6293055555]
sat:47612ECI:[2098.0952354910555, -2921.050545441587, 5822.144906987699, -5.19096670551741, 4.028640340784147, 3.884924312512117]jd_time:[2460204.6293055555]
sat:47617ECI:[4825.60530776353, -4564.151074360031, 1656.542168912014, -2.0289236339240513, 0.5286221409447068, 7.3369930963755134]jd_time:[2460204.6293055555]
sat:47684ECI:[5128.852918108978, -4430.7775059271835, -990.7697206348923, 0.17787489843186702, -1.4622388765208119, 7.482914838547322]jd_time:[2460204.6293055555]
sat:47685ECI:[334.94300973563577, -1482.2781098765502, 6672.146582283227, -5.643701023420985, 4.952018987448908, 1.3798974978369138]jd_time:[2460204.6293055555]
sat:47686ECI:[4499.04853007309, -3285.4786746488858, -3988.8529368439263, 2.8266335903143163, -3.5558355273812787, 6.122806856639397]jd_time:[2460204.6293055555]
sat:47687ECI:[-3545.4121648439786, 2279.761861781562, 5389.616466389916, -4.08640626411406, 4.519550262282576, -4.600504389668552]jd_time:[2460204.6293055555]
sat:47688ECI:[-4591.45895272625, 3563.8730893877673, 3609.8464082469586, -2.4409440724578504, 3.356017663392457, -6.408751987791819]jd_time:[2460204.6293055555]
sat:47698ECI:[-3266.8036220612235, 1905.809829170401, 5699.998448238411, -4.451324437527288, 4.652546630269496, -4.105710935435748]jd_time:[2460204.6293055555]
sat:50992ECI:[-2267.1818160845105, 425.1280567966539, 6456.820323206027, -5.9719807330130035, 4.101575167233818, -2.368257588244697]jd_time:[2460204.6293055555]
sat:50994ECI:[3835.8671780150426, -3086.707734333194, 4768.6665742682535, -4.923443364010344, 2.199612298027483, 5.389481478509427]jd_time:[2460204.6293055555]
sat:50996ECI:[-3957.874688337524, 1671.4629714403743, 5342.860013538619, -4.740686960635741, 3.710175299310086, -4.676160127108361]jd_time:[2460204.6293055555]
sat:50997ECI:[2698.611011293451, -2587.089885123991, 5746.118880619723, -5.731152708765208, 2.9892770820393926, 4.041347174896347]jd_time:[2460204.6293055555]
sat:51000ECI:[-5410.009188737708, 3697.481766658421, -1994.338624691265, 2.4026446217938586, -0.3934325245412162, -7.230750215177311]jd_time:[2460204.6293055555]
sat:51003ECI:[3025.6537982977193, -2718.107319058862, 5517.497597208717, -5.564211590271865, 2.764876065995736, 4.417690075249327]jd_time:[2460204.6293055555]
sat:51004ECI:[3929.711591500389, -1658.423152839184, -5357.746053170233, 4.766987445543753, -3.731115047548885, 4.646538299629334]jd_time:[2460204.6293055555]
sat:51005ECI:[-3157.9037733068194, 2809.5191122674228, -5387.094625129908, 5.44984099499016, -2.70967769259628, -4.604800878718302]jd_time:[2460204.6293055555]
sat:51006ECI:[-1863.2696605907006, 2131.132075294365, -6234.121783967808, 6.143043820860145, -3.3982391298525667, -2.9950804371025694]jd_time:[2460204.6293055555]
sat:51007ECI:[-1892.0394613244846, 184.7597573222156, 6586.309291259889, -6.102503770318273, 4.1657763457545105, -1.87243275719799]jd_time:[2460204.6293055555]
sat:51009ECI:[5362.276388516978, -3636.0929127531335, 2233.582088648227, -2.6191120738455194, 0.5152646618734437, 7.143163988134206]jd_time:[2460204.6293055555]
sat:51010ECI:[1664.2452057881897, -1990.5618409835195, 6334.793689379926, -6.2524946018794365, 3.4205241845073684, 2.7175942190767124]jd_time:[2460204.6293055555]
sat:51011ECI:[-5760.042652301295, 3704.264242790714, -198.9138064745998, 0.7229799541572749, 0.7083413243723419, -7.5602994835689765]jd_time:[2460204.6293055555]
sat:51012ECI:[4458.853533662086, -3299.9316915915574, 3997.9595493653715, -4.262607678828929, 1.6409543646316456, 6.11571421782627]jd_time:[2460204.6293055555]
sat:51015ECI:[-4206.639035205646, 3255.857557336783, -4313.625810486389, 4.528550936174286, -1.898055484826156, -5.841538887956329]jd_time:[2460204.6293055555]
sat:51016ECI:[4092.2783914010015, -3266.346606000888, 4420.180892070036, -4.591084341558383, 2.013666790567242, 5.745729627457838]jd_time:[2460204.6293055555]
sat:51017ECI:[1037.3501791571052, 391.48804674849964, -6756.429216941432, 6.395250485993136, -4.099983959424614, 0.7432942517199116]jd_time:[2460204.6293055555]
sat:51018ECI:[5355.961773928772, -2955.2173047074807, -3083.0337362321043, 2.4454323113257184, -2.6104034991569667, 6.738709441300386]jd_time:[2460204.6293055555]
sat:51020ECI:[-5748.511913086551, 3685.3202514960294, -547.8141902822236, 1.047791845914291, 0.5035125376223432, -7.539614124613428]jd_time:[2460204.6293055555]
sat:51023ECI:[-5699.7550415959095, 3201.2265435059403, 2057.62748384764, -1.4665110521601925, 2.009718646481041, -7.208287562984776]jd_time:[2460204.6293055555]
sat:51024ECI:[44.586704267136696, 1015.6184737257164, -6771.63854638517, 6.482869164014987, -3.989853531466005, -0.5557085541145463]jd_time:[2460204.6293055555]
sat:51026ECI:[-5804.349500950686, 3597.1365573376543, 568.2424625410836, -0.006879349878804459, 1.1683930553183055, -7.5365227855817905]jd_time:[2460204.6293055555]
sat:51027ECI:[4932.031350224257, -3622.6270311987446, 3088.211101429443, -3.389231177722692, 1.1195876802437077, 6.7369234113494185]jd_time:[2460204.6293055555]
sat:51028ECI:[341.4063251844528, -1257.7444313997955, 6732.498367558709, -6.440054087879786, 3.9343782786568773, 1.0616724619172897]jd_time:[2460204.6293055555]
sat:51029ECI:[-4689.178344859325, 3463.765508945029, -3592.507317982874, 3.874427777141767, -1.4211679980588876, -6.419241575919101]jd_time:[2460204.6293055555]
sat:51034ECI:[5854.638780638227, -3514.043930165863, 257.86149388101984, -0.7490115673771957, -0.7033333678504813, 7.567814347564612]jd_time:[2460204.6293055555]
sat:51035ECI:[-2431.5824577263143, 552.044159568408, 6385.560903967539, -5.871887068641322, 4.113299849973182, -2.5925842580691]jd_time:[2460204.6293055555]
sat:51037ECI:[1707.876972268409, -44.1534139451724, -6630.50473044477, 6.215658097360697, -4.11945302703413, 1.6274974581915216]jd_time:[2460204.6293055555]
sat:51039ECI:[2683.1947389566676, -707.1382663072117, -6260.598805492741, 5.773310705153723, -4.04089340744203, 2.92901467129977]jd_time:[2460204.6293055555]
sat:51040ECI:[-4051.1522155010384, 3216.6884607286706, -4473.444480138624, 4.667526801319937, -2.0395008358079725, -5.689461580726937]jd_time:[2460204.6293055555]
sat:51041ECI:[-4582.983759639235, 2228.4797412325934, 4581.514944451687, -3.9338129808591833, 3.386724213703497, -5.586402713370731]jd_time:[2460204.6293055555]
sat:51042ECI:[5806.991722798018, -3631.6658364795203, -170.3423971778582, -0.36066958843099056, -0.9387989683947707, 7.561254674060205]jd_time:[2460204.6293055555]
sat:51043ECI:[5265.8299196744865, -3668.5868587717373, 2402.6295044349636, -2.7720921700328627, 0.6476498549721896, 7.0747669759249385]jd_time:[2460204.6293055555]
sat:51045ECI:[-5731.223215392512, 3321.1216253016028, 1700.7346469303352, -1.1132235472181848, 1.8226677509734368, -7.330577421175475]jd_time:[2460204.6293055555]
sat:51046ECI:[1922.6619759880937, -132.60472752206317, -6539.366133164004, 6.268155932842984, -3.9378442218677443, 1.9204882894178366]jd_time:[2460204.6293055555]
sat:51047ECI:[4197.311995415918, -3283.1936157632354, 4309.92411631838, -4.503508233282064, 1.9121842192178793, 5.848318170134221]jd_time:[2460204.6293055555]
sat:51048ECI:[5687.056775732322, -3385.6157618484526, -1766.0182869152313, 1.155667934016078, -1.8755062553689585, 7.303454316958675]jd_time:[2460204.6293055555]
sat:51049ECI:[-332.33430128896936, 1246.0452335665882, -6716.984251442166, 6.4646760491233985, -3.9264450359733174, -1.0494154708796923]jd_time:[2460204.6293055555]
sat:51052ECI:[-5621.652830883589, 3771.8437630845415, -1055.5848186659873, 1.5263553758569444, 0.17755836429745486, -7.470922985043012]jd_time:[2460204.6293055555]
sat:51055ECI:[4562.840793879059, -3441.9686622527697, 3755.1697551633083, -4.015584635097954, 1.5492483203475953, 6.304239461848503]jd_time:[2460204.6293055555]
sat:51056ECI:[3537.670301245326, -1383.7998258588555, -5699.117529612063, 5.103226749919263, -3.9058534279704817, 4.1134952491026855]jd_time:[2460204.6293055555]
sat:51064ECI:[-912.4354024238231, -468.5510652818761, 6777.578519420944, -6.3845448860771485, 4.126100031682745, -0.575152680336579]jd_time:[2460204.6293055555]
sat:51065ECI:[-5807.390290550985, 3400.1873881985557, 1293.065989940235, -0.7202031451868691, 1.58540594622636, -7.424743177445068]jd_time:[2460204.6293055555]
sat:51066ECI:[-5830.673004502635, 3388.0437870208866, 1213.3846664600248, -0.6503219569097868, 1.5373959347705217, -7.441732559372856]jd_time:[2460204.6293055555]
sat:55020ECI:[-3255.649236392122, 3781.5237015960033, -4753.889139770088, 4.397914345867269, -3.0169217297892654, -5.415614955913127]jd_time:[2460204.6293055555]
sat:55021ECI:[-1489.3829383784184, 157.87333654177235, 6713.004238255755, -5.452848019455886, 5.149086030899489, -1.3248440613311852]jd_time:[2460204.6293055555]
sat:55022ECI:[-1812.4166961092717, 444.3950986932381, 6621.521543300852, -5.380751667742554, 5.076110259954603, -1.8061818771344424]jd_time:[2460204.6293055555]
sat:55023ECI:[4441.233845000117, -4472.087641760532, 2752.521099272905, -2.896253023870192, 1.3827122045492342, 6.907251150188636]jd_time:[2460204.6293055555]
sat:55024ECI:[3388.679090983823, -2001.5955504802937, -5652.877120791126, 4.34898293601474, -4.578631542430836, 4.238045667209633]jd_time:[2460204.6293055555]
sat:55025ECI:[4563.43631124434, -4459.159114665723, 2567.7879586998097, -2.7633841633043996, 1.2076259993962088, 6.99390613355649]jd_time:[2460204.6293055555]
sat:55026ECI:[956.0249535574886, -1983.6359170933815, 6514.328519523897, -5.648187876387378, 4.598323753755158, 2.232549485280132]jd_time:[2460204.6293055555]
sat:55027ECI:[-4918.989798248928, 3837.4117954282615, 2912.9700709446047, -1.8466450540952515, 2.8244642051576294, -6.818694120335266]jd_time:[2460204.6293055555]
sat:55028ECI:[2.2220995630671894, -1190.4114505577563, 6773.107326974245, -5.728908530045355, 4.943132400137757, 0.8755574658167291]jd_time:[2460204.6293055555]
sat:55029ECI:[-2360.8340171587383, 3070.848720683724, -5700.359441077203, 5.121716193276592, -3.777207293202032, -4.155795765986815]jd_time:[2460204.6293055555]
sat:55030ECI:[-3559.3803773718478, 2249.2283992138528, 5442.749751809595, -4.114604599502783, 4.512682098028598, -4.544823077840843]jd_time:[2460204.6293055555]
sat:55031ECI:[5154.62147853483, -4459.6173282543, -939.2005213029041, 0.11907354816558663, -1.4244255063132518, 7.477648550477492]jd_time:[2460204.6293055555]
sat:55032ECI:[-1617.9106653815409, 269.54649600514034, 6680.175849241637, -5.435705731251241, 5.113764938492035, -1.5153863100594733]jd_time:[2460204.6293055555]
sat:55033ECI:[-4293.319206040544, 3035.0293225686914, 4427.042851734654, -3.205475532372726, 3.8500113785270864, -5.736076582856941]jd_time:[2460204.6293055555]
sat:55035ECI:[-3442.768187076156, 2118.0264204976056, 5567.7617076885335, -4.2402318150918346, 4.586122920487375, -4.353590363231773]jd_time:[2460204.6293055555]
sat:55039ECI:[2278.2060401091067, -910.9695070362035, -6434.394860852122, 5.110997322614566, -5.031692797390243, 2.530222623713871]jd_time:[2460204.6293055555]
sat:55040ECI:[774.446835889736, -1827.835396712508, 6583.06561624134, -5.699589916632696, 4.6568707078421205, 1.966283767211992]jd_time:[2460204.6293055555]
sat:55042ECI:[5007.919409662757, -3980.266166632774, -2536.770778142149, 1.506443593598465, -2.5565843370564867, 7.009613841491173]jd_time:[2460204.6293055555]
sat:55043ECI:[-1124.4319205560344, 2152.251927128853, -6452.63339794811, 5.547735594841728, -4.56010387263737, -2.485108878606835]jd_time:[2460204.6293055555]
sat:55055ECI:[-3978.3508231539618, 4228.906497077143, -3714.3488400290307, 3.62444052030522, -2.141078279244815, -6.327374119249291]jd_time:[2460204.6293055555]
sat:55057ECI:[5123.072377111959, -4246.182140212284, -1755.1628079285488, 0.8208054875776248, -2.0097097287449164, 7.295901990933086]jd_time:[2460204.6293055555]
sat:55063ECI:[4531.865220262231, -3322.490722000712, -3979.006415245302, 2.7761996900374326, -3.53856911942709, 6.136198189644279]jd_time:[2460204.6293055555]
sat:55065ECI:[1956.065777144513, -2757.71099089538, 5985.364296639887, -5.3453356175973346, 4.053050217201242, 3.6149571494171338]jd_time:[2460204.6293055555]
sat:55066ECI:[4865.800263844274, -3734.0730456105434, -3124.7730036343646, 2.0271987392982513, -2.9556110289051483, 6.713047150819435]jd_time:[2460204.6293055555]
sat:55068ECI:[4245.322096995013, -2951.254323992876, -4546.705383601238, 3.3045118314662894, -3.9005989821520606, 5.634698285432132]jd_time:[2460204.6293055555]
sat:55069ECI:[-2916.271102366037, 3468.829533323907, -5195.416727834845, 4.761313195012229, -3.327972282370289, -4.897788478328887]jd_time:[2460204.6293055555]
sat:55070ECI:[2941.881098402252, -1585.702997469183, -6023.319488876914, 4.668474741687714, -4.830604568039154, 3.563498731035928]jd_time:[2460204.6293055555]
sat:55071ECI:[-2535.1279328817827, 1170.9308674527977, 6284.636454855217, -4.967535100473156, 4.979928822818272, -2.9213499142757797]jd_time:[2460204.6293055555]
sat:55074ECI:[5141.964852190449, -4561.709953519335, 270.0073399416631, -0.8864385913742823, -0.5382215466883056, 7.5442196168835105]jd_time:[2460204.6293055555]
sat:55075ECI:[-1635.345643561591, 2553.1201061552315, -6184.765504407932, 5.407603564396504, -4.281794029513371, -3.195336440729229]jd_time:[2460204.6293055555]
sat:55077ECI:[4135.96864335238, -2877.0740622351555, -4695.25275547539, 3.41053040316123, -4.0194742286889475, 5.4835809029330065]jd_time:[2460204.6293055555]
sat:55078ECI:[187.96503553063548, -1342.0485971853036, 6739.189564269074, -5.7547815915623595, 4.864456827702334, 1.133832885442598]jd_time:[2460204.6293055555]
sat:55079ECI:[5146.5789940627055, -4550.701882227468, -363.9951029185463, -0.3653503500355829, -1.000341087616483, 7.539694932613363]jd_time:[2460204.6293055555]
sat:55080ECI:[-4693.850450085618, 4589.261695763863, -2101.0825018644364, 2.3611742030571525, -0.8579275525088907, -7.172752185582041]jd_time:[2460204.6293055555]
sat:55082ECI:[5078.72109991626, -4064.897952765346, -2243.06007702971, 1.256800432582718, -2.346611859437934, 7.132177259769023]jd_time:[2460204.6293055555]
sat:55083ECI:[-3499.190331880767, 3882.5104118683525, -4494.598031523592, 4.233848319233258, -2.7517903833381134, -5.677816705695144]jd_time:[2460204.6293055555]
