sat:40044ECI:[-2871.0980512028746, 3527.108088378173, 5391.251303974842, 4.740046229017092, -3.362437656991965, 4.7368503962210795]jd_time:[2460277.1027893517]
sat:40932ECI:[-4867.230400027795, -4972.876894084062, -707.6052302248827, 5.373362494348174, -5.30094684035632, 0.20219917087281597]jd_time:[2460277.1027893517]
sat:40933ECI:[-2867.1064348570644, 6370.414932786158, 203.11006459754148, -6.862401351655236, -3.0703093333393974, -0.7598971991205252]jd_time:[2460277.1027893517]
sat:40934ECI:[-6843.249068054746, -1348.777218402243, -537.8025706202164, 1.4906292511624533, -7.381914363325487, -0.537189529836774]jd_time:[2460277.1027893517]
sat:40935ECI:[-1148.9558197960957, -6874.200108373042, -703.0163490061141, 7.429847042493335, -1.2688133716923462, 0.22236864082164307]jd_time:[2460277.1027893517]
sat:41485ECI:[5041.213955951917, 4078.5315942689244, 575.3797757857395, -3.4861012752394727, 3.4542278758852034, 6.093755883869462]jd_time:[2460277.1027893517]
sat:41488ECI:[-328.2352081929453, 4073.165623113095, 5157.906833789837, -7.749013481329206, -0.6909411683440025, 0.046448850706425744]jd_time:[2460277.1027893517]
sat:41489ECI:[-5494.679046892984, -1845.8897497305798, -3074.7643270141443, 4.213164685170913, -4.365103244818719, -4.898261748795645]jd_time:[2460277.1027893517]
sat:41490ECI:[3545.53032484214, 5363.51686901609, -1126.5804428365548, -3.533457182327681, 3.59004625070346, 5.9726922300778815]jd_time:[2460277.1027893517]
sat:41595ECI:[-4061.13547302142, -930.0754469662178, -5030.473686864105, 3.039237863312959, -7.108707561195844, -1.1319800770040591]jd_time:[2460277.1027893517]
sat:41596ECI:[4574.969474336828, -4557.459568537895, 1022.290417708097, 4.136698486787626, 2.801418469191181, -5.998989579013657]jd_time:[2460277.1027893517]
sat:41597ECI:[-6068.182480867228, 1479.4852357116113, 1856.3175590583708, 0.44151556500976447, -5.328485194366678, 5.714142002407528]jd_time:[2460277.1027893517]
sat:41598ECI:[5894.905199040112, 2188.311888044485, -1773.4431630786962, -3.2764261393491863, 4.159269083681541, -5.74124252550564]jd_time:[2460277.1027893517]
sat:41871ECI:[-5560.451296123451, 1241.2289504706882, -3249.732213451995, 1.42484874095426, -6.031652705079597, -4.7335638397448445]jd_time:[2460277.1027893517]
sat:41872ECI:[5196.4963899573795, 1630.9670889496738, 3651.416458225221, -4.493371864850212, 4.693154368508257, 4.3029527072054705]jd_time:[2460277.1027893517]
sat:41873ECI:[6420.423203494154, 1533.7657319273212, 1604.5986117652628, -2.491308843704697, 4.4328535817149275, 5.7324668090723465]jd_time:[2460277.1027893517]
sat:41874ECI:[-1888.286684806167, 5166.099992564428, -3567.4731829375596, -4.438669731645874, -4.667089912849551, -4.397259769720884]jd_time:[2460277.1027893517]
sat:41991ECI:[-1781.1854983070616, -6055.174990334237, 1742.9389600441727, -0.3894237438513643, 2.2482115983803816, 7.458572350831952]jd_time:[2460277.1027893517]
sat:41992ECI:[-4091.655438100395, -1597.9394005894767, 4836.274480272622, 4.751477454610101, 3.416067045428983, 5.163809895826474]jd_time:[2460277.1027893517]
sat:41993ECI:[-3787.09199233347, -1572.2929704046069, 5080.201233169064, -6.090778190603581, -0.8563447551818996, -4.813248572905411]jd_time:[2460277.1027893517]
sat:41994ECI:[-1727.6437455935818, -189.81875051107772, 6337.088983268546, 6.172759780042678, 4.378100143950859, 1.8153852599304576]jd_time:[2460277.1027893517]
sat:41995ECI:[-2040.703965961644, -2454.3615760087546, 5700.515284419103, -5.740360025206987, -3.790272734157711, -3.692052732954391]jd_time:[2460277.1027893517]
sat:41996ECI:[1791.2244583012775, 3014.9592633660855, 5513.798530187229, 4.833338918966527, 4.572755630149744, -4.081477179188742]jd_time:[2460277.1027893517]
sat:41997ECI:[3802.576473910037, 3564.5867259430293, 3962.3278675482034, 4.233228872668799, 2.2893627436575756, -6.137413241629914]jd_time:[2460277.1027893517]
sat:41998ECI:[5530.539257159285, 2127.216629589978, 2852.2779299070876, -2.7300612168105007, -2.20300845670769, 6.949135746464055]jd_time:[2460277.1027893517]
sat:42059ECI:[3816.3727021535033, 2829.9322211039375, -4505.392297008415, -6.2111978286853375, 3.7082235258249914, -2.927215922439078]jd_time:[2460277.1027893517]
sat:42067ECI:[3307.919075749903, -5122.948613935241, 2389.5978781462, 3.2231326256229136, 4.597765624250846, 5.415021283407003]jd_time:[2460277.1027893517]
sat:42068ECI:[-2205.217582415906, -3682.4132141483738, 4950.794184397374, 5.37690388650184, -5.405283142689091, -1.627499300021725]jd_time:[2460277.1027893517]
sat:42069ECI:[-4116.33569703433, 1271.060483967243, -4927.636141145604, -0.3133043016069171, -7.609246367523091, -1.702535623817276]jd_time:[2460277.1027893517]
sat:42752ECI:[-5441.436459320123, -1067.1031397044155, -3511.225195315221, -1.6712301500787652, -6.170051838305387, 4.464869431481785]jd_time:[2460277.1027893517]
sat:42753ECI:[-3481.9294733590987, -3383.016846155047, -4358.770342616793, 6.608491006556495, -2.675558042699119, -3.2025829464299376]jd_time:[2460277.1027893517]
sat:42754ECI:[-2138.1441450390894, 6139.317511030784, -825.3783356217438, -4.864410485066968, -0.8829484354634924, 6.032278987382734]jd_time:[2460277.1027893517]
sat:42755ECI:[2762.5489638308845, 3047.616387897589, 5073.212402501818, -6.38158397978931, 4.433889505899193, 0.8090544216304696]jd_time:[2460277.1027893517]
sat:42771ECI:[-1279.9014969946502, 1081.313028668045, 6324.534709302519, -2.612754387499212, 7.138849156425635, -1.7541897098615373]jd_time:[2460277.1027893517]
sat:42772ECI:[3183.503921950791, 1213.5359141548763, -5575.417080436299, -5.39970082490185, -4.034473749465331, -3.956571845439895]jd_time:[2460277.1027893517]
sat:42773ECI:[-3712.236120038899, 5392.631985680414, -390.58634795035135, 1.0604444280756802, 0.16293644411819508, -7.723242134947886]jd_time:[2460277.1027893517]
sat:42774ECI:[1022.9237222742543, -771.1833760719485, -6396.589838031112, 1.7925904792142184, -7.5190308096557255, 1.1871694506682628]jd_time:[2460277.1027893517]
sat:42779ECI:[4029.8585221618114, 4494.9290881218085, 2512.8092945168987, 2.7565717514469377, 1.5088496838269434, -7.1464233608613315]jd_time:[2460277.1027893517]
sat:42780ECI:[-1159.665778133557, -6437.781439242346, -156.81318058437319, -0.9851311909355481, -0.021285659458013046, 7.740321901905542]jd_time:[2460277.1027893517]
sat:42781ECI:[3997.31044561227, 1342.5246856152253, -5290.558343849456, 6.0633116122033, 0.42696580376831283, 4.68612191167132]jd_time:[2460277.1027893517]
sat:42782ECI:[662.3686450814499, 516.7899168260969, -6490.1272537284885, 2.9869259708020524, -7.210413492307241, -0.2746666162104931]jd_time:[2460277.1027893517]
sat:42837ECI:[-6322.228770043706, 1934.0412402598922, 2099.3129345322295, 2.475693855326151, 0.3116863842767389, 7.163141163480022]jd_time:[2460277.1027893517]
sat:42838ECI:[-2119.8382394073205, 1424.9422399819061, 6452.06969681208, 6.957286381289594, -1.489093550879858, 2.622033047584582]jd_time:[2460277.1027893517]
sat:42839ECI:[-1899.006224649658, 1354.7905475599614, 6537.688783498434, 7.052327471232765, -1.471704234541623, 2.360539900928327]jd_time:[2460277.1027893517]
sat:42840ECI:[-6715.676921068687, 1544.2510005665517, -828.0019230232197, -0.6505698501786168, 1.155738270450586, 7.46510094060564]jd_time:[2460277.1027893517]
sat:42841ECI:[6611.540603291232, -1352.853983870944, 1679.6657525788773, 1.5795329598604815, -1.346020738378172, -7.276909329937472]jd_time:[2460277.1027893517]
sat:42842ECI:[5194.984125517964, -634.5110667785696, 4572.8161420768865, 4.722408727593007, -1.8780454089892777, -5.6121905413547015]jd_time:[2460277.1027893517]
sat:42845ECI:[5170.87446552525, -1795.9109940300502, -4274.340730194757, -4.748110270534899, 0.342183858058875, -5.888726035268107]jd_time:[2460277.1027893517]
sat:42881ECI:[1410.0578745005644, -219.25085857544812, 6378.980283995114, -6.979564436233964, -3.1845043980086847, 1.4366490921450656]jd_time:[2460277.1027893517]
sat:43041ECI:[4220.8815339188295, 4981.898408423984, 599.2277972069619, -3.3542370106357, 3.562157320889153, -6.06776414899299]jd_time:[2460277.1027893517]
sat:43045ECI:[484.2035118582185, -5077.264932578324, -4117.5313883172075, 6.475542733063009, -2.3494367091708934, 3.6525947696402423]jd_time:[2460277.1027893517]
sat:43046ECI:[1806.3428092525999, 6252.866671911052, -112.06036429611258, -4.6490809883934165, 1.4577599392792828, 6.1340514282407765]jd_time:[2460277.1027893517]
sat:43047ECI:[-136.6561943814922, 6484.5088532857235, -742.280255432024, -4.871609698921357, -0.8009743914704057, -6.058941027544363]jd_time:[2460277.1027893517]
sat:43048ECI:[-1731.0835135262964, -3804.7338311694616, 5046.060196412858, 7.477385840979591, -1.896592299057458, 1.1424424401367357]jd_time:[2460277.1027893517]
sat:43051ECI:[4705.167636084015, 4047.663404991528, 2099.1278239191415, -1.9065143426723525, 5.101786013188807, -5.580755430933751]jd_time:[2460277.1027893517]
sat:43053ECI:[-3781.8559722978225, 3719.7326550004213, 3802.235884994544, -2.1103788999308177, -6.313733669619472, 4.091487892031294]jd_time:[2460277.1027893517]
sat:43054ECI:[-1025.9212428254518, -4222.084994416386, 4880.685931722244, 6.595780772653668, -3.7461696565824125, -1.8553468814406369]jd_time:[2460277.1027893517]
sat:43123ECI:[-6085.647901763661, -2182.931161085133, -1049.9838060500695, -1.517844234432924, 0.5267682247067401, 7.635334524449799]jd_time:[2460277.1027893517]
sat:43124ECI:[5035.991713449897, 4217.262012758192, 453.86513301089633, 1.036582606496609, -0.42894512369730375, -7.699189337096149]jd_time:[2460277.1027893517]
sat:43125ECI:[-2851.039458834837, -1759.9121519043215, -5593.348103678574, -6.553958153137043, -1.7660798373985669, 3.8894437476728916]jd_time:[2460277.1027893517]
sat:43126ECI:[6497.2735132151365, 778.8299552226779, -465.23646167445986, -0.4352430526351895, -1.0564639615252953, -7.709556858806436]jd_time:[2460277.1027893517]
sat:43165ECI:[-2981.5248425474424, 339.1052813798302, 5794.653511374727, -6.871634585140876, -1.3400646983884674, -3.4630291801055386]jd_time:[2460277.1027893517]
sat:43167ECI:[1116.0723565964138, -3599.5274406251406, -5319.223325550947, 3.4545744181476477, -5.451066668571633, 4.421642555312219]jd_time:[2460277.1027893517]
sat:43182ECI:[-3578.860082802346, -5157.091982563552, -2899.1690866954923, -2.7065029804238754, -1.957896035205838, 6.823770198092361]jd_time:[2460277.1027893517]
sat:43183ECI:[2298.8363739451693, 1606.1304575642994, -6321.288696264965, -3.962904296101753, -5.7906530915522465, -2.9018733420367604]jd_time:[2460277.1027893517]
sat:43184ECI:[-2354.3166387641945, -1641.1174739933203, 6302.047558438875, 3.983170838272344, 5.7227352823463695, 2.986106638097159]jd_time:[2460277.1027893517]
sat:43185ECI:[2664.5386790591447, 4407.191629443354, 4629.996792891992, 3.735250081341393, 3.572296875668983, -5.5497459515893235]jd_time:[2460277.1027893517]
sat:43558ECI:[-2791.544289029508, 3385.4992799803535, 4876.0068481066555, -4.214083674603819, -6.266014266569055, 1.9390172621301633]jd_time:[2460277.1027893517]
sat:43559ECI:[2022.6404686498956, -3565.1957682461702, 5140.192531124375, 7.0145723845158106, 3.341453376867573, -0.44583625712810254]jd_time:[2460277.1027893517]
sat:43560ECI:[-6075.601611820594, 88.00036113014463, 2377.5197935022743, 2.043233102591866, -5.241328502571733, 5.427592409211828]jd_time:[2460277.1027893517]
sat:43561ECI:[-4919.897002045478, -4350.325830407964, -165.70507452475624, 3.316202008561869, -3.5257713639908643, -6.104784767502789]jd_time:[2460277.1027893517]
sat:43695ECI:[6366.411827755821, -1388.673897840451, -340.39784438021167, 0.5500440676591832, 0.5820044229807696, 7.7745976956804155]jd_time:[2460277.1027893517]
sat:43697ECI:[64.57971714289386, 589.2440791845282, 6509.250839286954, -7.682800815611293, -1.3533702458005492, 0.20135099517727356]jd_time:[2460277.1027893517]
sat:43731ECI:[489.4656939480371, 712.4514920849587, 6486.161906603029, 5.072048933030001, -5.918479065208978, 0.27297160335717496]jd_time:[2460277.1027893517]
sat:43732ECI:[391.78706358869954, 800.8077441999543, 6476.262024124362, 5.37515519378631, -5.644057926931704, 0.37686181189163065]jd_time:[2460277.1027893517]
sat:43745ECI:[2553.9457622710042, -635.6757313134588, 6025.849313990457, 5.957716088344126, -4.039301204296366, -2.9522483798796775]jd_time:[2460277.1027893517]
sat:43746ECI:[1295.1346549602356, -1426.69613278747, 6243.673297815825, 2.0152578786685305, -7.250072164542563, -2.073045795415066]jd_time:[2460277.1027893517]
sat:43882ECI:[-3671.284208101394, -5594.700224633511, 1723.6412200451623, 0.15497668900874484, 2.1380256926266163, 7.287942706280585]jd_time:[2460277.1027893517]
sat:43883ECI:[729.6905454609612, -561.8705287251813, -6841.140685695098, -3.9683101209134874, -6.481826488909828, 0.11323823480792604]jd_time:[2460277.1027893517]
sat:43884ECI:[292.23154630614846, -1295.3696266320467, -6783.8245246913875, -3.9401992681773064, -6.40472791053801, 1.0543847155541275]jd_time:[2460277.1027893517]
sat:43885ECI:[3624.9213331200417, 5326.863783686162, -2515.4924829024544, -0.6469663018288947, -2.8748894918936503, -6.994075315908161]jd_time:[2460277.1027893517]
sat:43886ECI:[3026.4324083994084, 5630.922427735398, 2655.9409291365027, 2.322547049334557, 2.0196841229159865, -6.930841124104421]jd_time:[2460277.1027893517]
sat:43887ECI:[1736.4284471457217, 4318.326880391617, 5117.041383145735, 3.4428768280239987, 4.54438010792425, -5.008315406568509]jd_time:[2460277.1027893517]
sat:43888ECI:[3352.5798028249324, 5522.546767278087, -2477.936287019338, -0.46937321348439554, -2.863078353167439, -7.008566514987283]jd_time:[2460277.1027893517]
sat:43889ECI:[-2601.515150382596, -5641.8864611125255, -3007.0795210970855, -2.392490014290267, -2.4993343280245863, 6.769709408680876]jd_time:[2460277.1027893517]
sat:44084ECI:[-4706.961842989245, 4521.009485105187, 527.2664262989707, 1.1282206591372963, 0.2863026220515437, 7.709547924945506]jd_time:[2460277.1027893517]
sat:44085ECI:[2304.0530443539337, 4815.525234352456, -3799.9869114237918, -0.846193638754951, -4.558862613268397, -6.276473952713318]jd_time:[2460277.1027893517]
sat:44086ECI:[-3000.674622343884, 44.115867051824026, 5833.9258965248855, 6.685195774139726, 2.0496252353924747, 3.4299811509469187]jd_time:[2460277.1027893517]
sat:44087ECI:[4228.890404577959, -2485.7967502054125, 4387.821033838438, 3.733566363529656, -3.722607545000058, -5.720263690793723]jd_time:[2460277.1027893517]
sat:44396ECI:[3826.375489246096, -3666.554095418786, 4191.301958273526, -4.29765982915702, 2.3135434329454734, 5.939355333412865]jd_time:[2460277.1027893517]
sat:44402ECI:[5222.617788153312, -4159.837860676903, 1033.2018431849717, -1.5626043566301793, -0.07710205371432756, 7.524054844256579]jd_time:[2460277.1027893517]
sat:44403ECI:[3839.578931542445, -2155.649414527976, -5176.778716728851, 4.199143905716545, -4.161412617016129, 4.863394145453499]jd_time:[2460277.1027893517]
sat:44405ECI:[-5191.231947304248, 3850.210507311553, 2084.3392628017177, -1.2421619945117712, 2.255514637470454, -7.213566978633544]jd_time:[2460277.1027893517]
sat:44407ECI:[3772.531740492372, -4046.765828663514, 3974.9045560459713, -3.928877059070541, 2.370273386855658, 6.126490361941826]jd_time:[2460277.1027893517]
sat:44409ECI:[-2294.0535984515823, 664.1628302324206, 6337.6701749716785, -5.587691811055209, 4.632484612102167, -2.4955488122870206]jd_time:[2460277.1027893517]
sat:44411ECI:[-3944.8388447029774, 3640.60456293892, -4152.630364937398, 4.262942337614, -2.1816319355723524, -5.974872958863411]jd_time:[2460277.1027893517]
sat:44413ECI:[687.8162639299286, 606.4578545925524, -6764.3586786975075, 5.6947610204150125, -5.084520566180525, 0.12853816737417997]jd_time:[2460277.1027893517]
sat:44855ECI:[-5631.352753235852, 3681.8977788919015, -1412.696989506699, -4.1622504733549, -4.708257336789413, 4.303037313714238]jd_time:[2460277.1027893517]
sat:44860ECI:[-6749.345119073718, 1205.009484586032, 477.64043004286094, -0.7656899447902688, -6.060789126437372, 4.549557391751936]jd_time:[2460277.1027893517]
sat:44861ECI:[-4581.700721091163, -3839.341937901767, 3424.7997355392727, 5.624518320052676, -4.424147612280803, 2.573803134173637]jd_time:[2460277.1027893517]
sat:44863ECI:[1777.16646609384, 5197.004943143749, -4130.606768800054, -7.236432573673486, 2.3776050300251974, -0.11900796155413618]jd_time:[2460277.1027893517]
sat:46298ECI:[4420.361408947847, 5121.863712967183, 320.9038898012639, 0.5103359929605893, -0.9198028708555499, 7.598149020108447]jd_time:[2460277.1027893517]
sat:46299ECI:[2615.115592535679, 4362.299665342038, -4421.485667530694, 3.6794032949904905, 3.589584773582587, 5.717891429903111]jd_time:[2460277.1027893517]
sat:46315ECI:[3763.811547299492, 4375.482410424573, 3330.9852859992166, -1.621862749686544, -3.6441337288654436, 6.623736040561363]jd_time:[2460277.1027893517]
sat:46316ECI:[2841.5992495217083, 1397.0725928871022, -5809.589843528407, 6.815430059368727, 1.032645751264404, 3.5689287180387046]jd_time:[2460277.1027893517]
sat:46317ECI:[2113.107306492399, 1336.6824773414578, 6035.433330203551, -4.350821666441216, -5.841547650673296, 2.813188787653123]jd_time:[2460277.1027893517]
sat:46318ECI:[3520.9868004342084, 4199.380679709014, 3768.621926342829, -1.860314983501289, -4.093889577745953, 6.298485674235471]jd_time:[2460277.1027893517]
sat:46500ECI:[-1818.9992137215945, 6610.8802115051285, -397.6733579472937, 1.1116623500689184, -0.1509616973576208, -7.5342615267417985]jd_time:[2460277.1027893517]
sat:46501ECI:[2094.0554380628214, -5990.781226090825, -2623.195198632697, -0.10185516503934403, -3.089268615367235, 6.965613882569391]jd_time:[2460277.1027893517]
sat:46502ECI:[-1621.0911839504142, 6486.499833173112, -1568.6967444957284, 1.4453712860309744, -1.4186205463516364, -7.343819885711004]jd_time:[2460277.1027893517]
sat:46503ECI:[491.3541240757694, 1649.5455091043195, -6652.733939819157, 2.171600515175888, -7.123873601187611, -1.6021274540921473]jd_time:[2460277.1027893517]
sat:46908ECI:[3442.77827364705, 4605.714507403074, 3789.221061556619, -5.11722487323034, 5.325644574626728, -1.829791258267811]jd_time:[2460277.1027893517]
sat:46909ECI:[2894.240242777326, -6186.569065954723, 834.2910204616921, 5.320699316787368, 3.0923142806069466, 4.474042091420433]jd_time:[2460277.1027893517]
sat:46910ECI:[-1656.4417751284668, 6658.365907942083, 467.92707487532044, -5.998187432582134, -1.17383256863159, -4.542794437247325]jd_time:[2460277.1027893517]
sat:46911ECI:[5723.054172425258, -576.3580006719393, 3794.015450727399, -0.4710190010726242, 7.3694657031623425, 1.8186300271585156]jd_time:[2460277.1027893517]
sat:46925ECI:[4041.241459134766, -1844.8504156128733, -4812.136524546938, 0.8591767328192456, 7.455003444329321, -2.1312532881193746]jd_time:[2460277.1027893517]
sat:46926ECI:[-6232.989867643137, -1300.228130750959, 1565.4653622026626, -0.38472537104993487, -5.171805890865469, -5.822303869431614]jd_time:[2460277.1027893517]
sat:47450ECI:[693.5044668638612, -571.7764732803913, 6701.579454752351, -6.254174396971487, -4.444670264696466, 0.2640902847144963]jd_time:[2460277.1027893517]
sat:47453ECI:[-4485.389229033644, -2709.4462954388373, -4197.413579345859, 3.413228121007914, 3.5411413433804304, -5.932994932722221]jd_time:[2460277.1027893517]
sat:47457ECI:[-5309.18821822106, -3796.0918976140997, -1524.1326415504334, 0.8249838005900716, 1.838634437111366, -7.44493907132045]jd_time:[2460277.1027893517]
sat:47493ECI:[-1187.2317613467874, -1684.425322030784, 6496.985021786538, -6.4525300611244285, -3.525949956685911, -2.0976550898926036]jd_time:[2460277.1027893517]
sat:47511ECI:[1842.5279428763226, 143.28316406388038, 6537.140804800885, -6.202553161555017, -4.101790528475135, 1.8362621127497283]jd_time:[2460277.1027893517]
sat:47525ECI:[1373.972028633052, 1988.0992188591251, -6281.283036061114, 6.07459142774858, 3.9588706252673, 2.5789878897541962]jd_time:[2460277.1027893517]
sat:47529ECI:[4826.689755180826, 2097.163907504314, 4346.285100969174, -3.8945724258769165, -3.0772229993719042, 5.808778946705934]jd_time:[2460277.1027893517]
sat:47538ECI:[-1117.7752543746071, 310.2462026695472, -6706.9805250108975, 6.324182056156476, 4.223011286387875, -0.8624673481444506]jd_time:[2460277.1027893517]
sat:48269ECI:[-2670.433857677059, -2891.190489981104, 5738.732094575339, -5.431236442394353, -3.2406531626121358, -4.159841699432053]jd_time:[2460277.1027893517]
sat:48273ECI:[-5623.174437512447, -3857.1040402950284, -1394.6696368611463, 0.6515714615452128, 1.7003191249654563, -7.34590820741807]jd_time:[2460277.1027893517]
sat:48885ECI:[-1866.6674334277534, 4862.184987654688, 4319.770975275108, 2.9588744113528147, -4.033279732915832, 5.822036513540435]jd_time:[2460277.1027893517]
sat:48923ECI:[3317.967431874585, -5369.283242000179, 2500.668726414907, 0.5441260407511465, -2.9505009584183246, -7.049413181289531]jd_time:[2460277.1027893517]
sat:48925ECI:[-3811.1794271815916, 5224.921425374846, -1374.2071757523292, -0.09755158411159087, 1.9110647506368292, 7.52714731271042]jd_time:[2460277.1027893517]
sat:48927ECI:[-2241.9452657264655, 2430.4428273081435, -5907.8491845866165, -2.8400726949776565, 6.146031559799759, 3.611609081182192]jd_time:[2460277.1027893517]
sat:48929ECI:[-3485.4266034823586, 5678.439142746878, -1017.0661141268621, 0.27282938106938903, 1.5176613913521813, 7.53638705086314]jd_time:[2460277.1027893517]
sat:48959ECI:[656.3837244885524, 1079.5870203046181, -6416.294794557801, 7.465713884930663, 2.021479862356207, 1.1052705407075378]jd_time:[2460277.1027893517]
sat:51021ECI:[3982.94936030065, 4366.141803563406, -3382.011959000121, 3.3724151513302156, 2.006511257436692, 6.568720627279535]jd_time:[2460277.1027893517]
sat:51022ECI:[-3298.3104052333365, -3997.8981121703737, 4344.842680919831, -4.091835029537286, -2.9269342036731305, -5.797693372235638]jd_time:[2460277.1027893517]
sat:51036ECI:[4427.089536787339, 2805.5639364926965, 4390.652846331169, -3.3946456978156103, -3.674934785945402, 5.771136973646452]jd_time:[2460277.1027893517]
sat:51054ECI:[4896.416377961594, 4327.872824305757, -2000.5035691494472, 2.340841917078125, 0.6923032395527199, 7.237649454204193]jd_time:[2460277.1027893517]
sat:51058ECI:[-133.2687131615959, -1226.049255041265, 6722.921903338086, -5.999018334181764, -4.628202292681887, -0.9594352378915397]jd_time:[2460277.1027893517]
sat:51100ECI:[5288.3506686643905, 3476.797089842985, -1716.0699958705175, -4.299731131004319, 4.0154760499812765, -5.114176947132993]jd_time:[2460277.1027893517]
sat:52732ECI:[-993.7461285133185, 1590.7953534550822, -6531.383700708988, -0.32930532698143744, 7.422628230393859, 1.855542575938102]jd_time:[2460277.1027893517]
sat:52733ECI:[746.0340483155313, 3444.6377244891996, 5856.462392680957, 0.5607665480643648, -6.59709579642287, 3.8044696366529958]jd_time:[2460277.1027893517]
sat:52736ECI:[210.46005197781432, 5051.094275171045, 4515.0403825918675, 1.1403622453032776, -5.080444507404553, 5.629222392606136]jd_time:[2460277.1027893517]
sat:52740ECI:[461.25913699271797, 4888.656917117078, 4759.54676137829, 0.9026952730160378, -5.335884343880173, 5.385218468217733]jd_time:[2460277.1027893517]
sat:52769ECI:[-801.5254261611618, -1782.0130274928977, -6552.143739635736, -0.5440158468078021, 7.362753731057893, -1.9392081621150064]jd_time:[2460277.1027893517]
sat:55013ECI:[-421.3800164002748, 784.3451617273369, -6798.056500804827, 6.5570274354479725, 3.8884636277101037, 0.03712635246904006]jd_time:[2460277.1027893517]
sat:55014ECI:[-3623.620545609751, -1289.4351049805227, -5675.422124186545, 5.190901135414382, 3.7200590113727716, -4.167107604021519]jd_time:[2460277.1027893517]
sat:55017ECI:[-5190.493973387568, -3464.2383383646784, 2835.2072230611293, -3.2016044231355125, -0.8300227260457145, -6.874754994856358]jd_time:[2460277.1027893517]
sat:55037ECI:[2942.7809271909105, 929.0030787873317, 6103.67505582365, -5.565137500386382, -4.06069238277125, 3.2915764910907668]jd_time:[2460277.1027893517]
sat:55038ECI:[-3518.9098034323665, -1339.1470207465682, -5734.400047260056, 5.139028070446597, 3.885548914713608, -4.073636684953927]jd_time:[2460277.1027893517]
sat:55088ECI:[3943.852280571104, 1591.2814824781128, 5374.807383521504, -4.831418122818833, -3.670741945903512, 4.619662535658326]jd_time:[2460277.1027893517]
sat:56182ECI:[3051.4297450429926, 1954.8062571492258, -5816.354598517895, -4.286126632237669, -4.945370942300222, -3.917138148671751]jd_time:[2460277.1027893517]
sat:56187ECI:[4463.838448913814, 3786.2565992901823, -3559.06549274617, -2.2427034542932414, -3.405921674807318, -6.4474902510510725]jd_time:[2460277.1027893517]
sat:56206ECI:[2795.1130570776254, 1824.9562181038013, -5941.56079049153, -4.288854214037126, -5.192074605431383, -3.6199679506323217]jd_time:[2460277.1027893517]
sat:56970ECI:[688.3333212914433, 6460.035335387378, 2285.8179424253385, 0.7874560167462371, -2.5966396856486327, 7.113248248015727]jd_time:[2460277.1027893517]
sat:56974ECI:[358.4379135628163, 6865.7988552662755, -134.23356885565534, 1.0039573051082444, 0.09729981988367337, 7.5515502114308735]jd_time:[2460277.1027893517]
sat:56977ECI:[-940.1948817548396, -827.6782283736153, -6770.074529078311, 0.28145614124008705, 7.544292830200948, -0.9506978673291934]jd_time:[2460277.1027893517]
sat:57390ECI:[1343.8147730623186, -3534.172423712364, -5810.855948051877, -4.298242210490609, 4.850763556351425, -3.9466590952712814]jd_time:[2460277.1027893517]
sat:57391ECI:[-3525.0229632546816, 5549.345602717058, 2255.5061424917008, 2.4058436437080526, -1.3335181021525064, 7.050887555401877]jd_time:[2460277.1027893517]
