sat:43139ECI:[364.856731439612, 6150.310328651762, -2175.145225680736, 1.2097420619366752, 2.5154651317434866, 7.297016340997192]jd_time:[2460277.1045023147]
sat:43140ECI:[-6444.858296440101, -1067.2150506306732, -193.28594449909218, 0.07757978497509688, 1.0255756659173518, -7.740487779468107]jd_time:[2460277.1045023147]
sat:43141ECI:[-5795.055793000027, 1909.8961339142393, -2352.1474760058018, 2.9889106110817867, 0.14331161517617358, -7.214052023304252]jd_time:[2460277.1045023147]
sat:43142ECI:[-164.66155814783934, -1108.4985180855872, 6443.77523812019, -5.015463295147966, 5.908652027003945, 0.8893922300185115]jd_time:[2460277.1045023147]
sat:43816ECI:[-5362.409138648545, -3868.117065042824, 2069.053690282708, -2.426887048814304, -0.4582344169407693, -7.171148193723493]jd_time:[2460277.1045023147]
sat:43817ECI:[-1008.1230224132245, -2277.4764333787107, 6359.005194082379, -5.207929361207952, -4.946893669290026, -2.5997628962832806]jd_time:[2460277.1045023147]
sat:43818ECI:[-5542.657909311836, -4125.746869764484, -0.3487532422040601, -0.5912697665731829, 0.8073993260786646, -7.528783323554328]jd_time:[2460277.1045023147]
sat:44370ECI:[-4823.406275654229, 546.8662640697971, -4398.73672587915, -2.3910948311816163, -7.226834367085307, 1.7151667337524157]jd_time:[2460277.1045023147]
sat:44371ECI:[3488.7089897449737, -5598.939009986039, 152.0072535536771, 4.735867717904017, 2.7986948104063876, -5.492331437044761]jd_time:[2460277.1045023147]
sat:46300ECI:[-1089.2647146525107, -3793.650942904895, -5228.077336773121, -3.2776056006928402, -5.397017960363128, 4.589559882556322]jd_time:[2460277.1045023147]
sat:46301ECI:[-1494.546101050877, -1162.3570341149896, 6347.429045050794, 3.0945863930946858, 6.823947678560052, 1.981885301995329]jd_time:[2460277.1045023147]
sat:46302ECI:[-2714.321567290169, -1419.607344356077, -5966.82417995727, -6.841941791168923, -1.1260804623869745, 3.374761191112222]jd_time:[2460277.1045023147]
sat:46303ECI:[602.2109714539698, -586.3909937662121, -6468.803196512273, -4.938822965563735, -6.06682559616794, 0.08758633264428299]jd_time:[2460277.1045023147]
sat:46304ECI:[3981.0867967042823, 2899.281249218761, -4328.478456062427, -3.3239333347467124, -4.071137493045988, -5.766996240347648]jd_time:[2460277.1045023147]
sat:46305ECI:[6375.520349959638, -1769.5393051109552, 195.66717465102062, -0.05832731658251957, -1.019535968097496, -7.6906338522082915]jd_time:[2460277.1045023147]
sat:46306ECI:[1456.4354616266066, -81.39380772109914, -6402.01044570967, -6.446264774635362, -4.154317084257942, -1.4107579313239043]jd_time:[2460277.1045023147]
sat:46307ECI:[6246.6618754296605, -284.9792939664631, -2045.7603514076663, -2.454267265253452, -0.9410093592620296, -7.327211368337438]jd_time:[2460277.1045023147]
sat:46308ECI:[-243.8202744699543, 830.8648368221999, 6549.70595751376, 6.860005940387841, 3.622270212275553, -0.19976561566011103]jd_time:[2460277.1045023147]
sat:46309ECI:[-2781.017281467312, -1115.722842622545, -5816.625909797574, -7.003556119736175, -0.4494088706019028, 3.4300801978199718]jd_time:[2460277.1045023147]
sat:46310ECI:[1026.5624191057195, -605.6394829110943, -6464.654502767806, -7.466054404531863, -1.9974826468669002, -0.9964633979201688]jd_time:[2460277.1045023147]
sat:46311ECI:[6347.298750203473, 1827.479448284095, -272.268995904033, -0.040547724684537975, -1.0511950398807186, -7.693304666046006]jd_time:[2460277.1045023147]
sat:46933ECI:[-528.4795732725473, 939.5942581481529, -6566.0692708347915, 3.116931240911608, 7.04811299375576, 0.7641575252559414]jd_time:[2460277.1045023147]
sat:46934ECI:[576.3925954378108, -1773.3324736762247, 6308.3442111733575, -1.308326433017915, -7.413547121615001, -1.960038435018797]jd_time:[2460277.1045023147]
sat:46935ECI:[-55.794405174030274, -6042.041578498705, 2646.0172300662007, -1.1231832218972027, -3.0688726438716896, -7.047178620581536]jd_time:[2460277.1045023147]
sat:46936ECI:[-947.4141187492758, 4967.767636752029, 4199.410728661362, 2.201190317806751, -4.5658024251835565, 5.910681054093435]jd_time:[2460277.1045023147]
sat:46937ECI:[591.9134077527373, 976.9528087304137, 6497.762613763436, 2.3045096711910613, -7.364343147735035, 0.9057626977030341]jd_time:[2460277.1045023147]
sat:46938ECI:[4162.750362465607, 4677.012154303336, -1986.1025101986743, -0.7689669477111356, -2.4523550116139767, -7.353823706751105]jd_time:[2460277.1045023147]
sat:46939ECI:[2272.500076039791, 2303.3314909915703, -5698.390828729606, -3.1479944391687096, -6.098368400015792, -3.7116595286972545]jd_time:[2460277.1045023147]
sat:46941ECI:[-947.8073447559656, -45.97599283059206, 6488.282112088382, 3.135516474435818, 7.114220700888085, 0.5126883175301385]jd_time:[2460277.1045023147]
sat:46942ECI:[2129.595106146924, 5967.831493735848, -1730.6170940645613, 0.2979561914002408, -2.27653996061137, -7.4432289989416915]jd_time:[2460277.1045023147]
sat:46944ECI:[-3453.285736858858, 2620.4870956928685, -4921.991051935564, -3.653496930191923, 4.682342927649752, 5.0560217648499926]jd_time:[2460277.1045023147]
sat:46945ECI:[760.1738953783747, -3466.2685008629273, -5513.43292523256, -3.178888123953867, 5.828079074271129, -4.092498867856824]jd_time:[2460277.1045023147]
sat:46946ECI:[-3815.9177571217033, 4062.8201277424573, -3597.9754498504994, -1.9773036530322512, 3.8455548418021763, 6.437089913042829]jd_time:[2460277.1045023147]
sat:46947ECI:[1213.4686894904044, -362.0197063244409, 6499.425662506923, 3.89013826747578, -6.619143910757875, -1.090529873404381]jd_time:[2460277.1045023147]
sat:46948ECI:[-2197.4416777471947, 5710.124978855478, -2292.293877229328, 0.02594180041707852, 2.9257578117287024, 7.244977042123459]jd_time:[2460277.1045023147]
sat:46949ECI:[-2342.7273834670445, 5324.190665259663, 3117.768291508483, 2.500452323363064, -2.8592730916953535, 6.780384384970656]jd_time:[2460277.1045023147]
sat:46950ECI:[550.3195763180503, -6466.79601270204, 870.3837050626664, -0.9239652046697535, -1.1036342506411245, -7.666947087439673]jd_time:[2460277.1045023147]
sat:46951ECI:[96.7017331091496, 5599.7768177747075, -3413.49541163576, 1.2478084591527874, 3.9966229166474427, 6.582182881758325]jd_time:[2460277.1045023147]
sat:46952ECI:[137.45306539325856, -3390.5461877817806, -5611.250341016303, -2.2015380443055315, 6.383862879949473, -3.9009282380592074]jd_time:[2460277.1045023147]
sat:46953ECI:[-124.5030200734879, -4506.740147410104, 4786.627335268932, -1.6142395388460244, -5.519637665777846, -5.240472047611192]jd_time:[2460277.1045023147]
sat:46956ECI:[-411.64754821442074, 5136.246334078368, 4097.45141565795, 1.6578550044333331, -4.651053451657917, 6.0138058131111345]jd_time:[2460277.1045023147]
sat:46957ECI:[-4634.2703529104365, -4555.761453145916, -1079.8469778796555, -1.622189880528748, -0.1623817824494738, 7.607717329711041]jd_time:[2460277.1045023147]
sat:46958ECI:[-764.7316395734019, 3005.5106352336675, 5770.10933692624, 3.688576416049395, -5.8770557511311035, 3.5581335860294447]jd_time:[2460277.1045023147]
sat:46959ECI:[-1041.279505289434, 300.25030655495027, 6511.388905352379, 6.2354148743064055, 4.561742651977482, 0.7920429404937455]jd_time:[2460277.1045023147]
sat:46960ECI:[711.7149478958565, 5802.7547480441735, 2997.3448001485845, 0.692575235995802, -3.6184083595320375, 6.864058078266758]jd_time:[2460277.1045023147]
sat:47425ECI:[3795.331950167843, -4963.813353807631, -2054.331687921017, -2.304148357525216, 1.2815681235768692, -7.325222005235599]jd_time:[2460277.1045023147]
sat:47426ECI:[-6231.5051011016185, 1991.5437562791933, 300.1996279728382, 0.63047856127607, 0.8502923023950145, 7.729248050782134]jd_time:[2460277.1045023147]
sat:47427ECI:[-1934.2688985612526, -505.48304417233913, -6241.105810731046, -7.355110681151306, 1.4690103671639092, 2.1575306290485607]jd_time:[2460277.1045023147]
sat:47428ECI:[6169.89646675343, -521.5243036362011, -2197.306709531317, -2.671745375702397, -0.8372174445702802, -7.2700776740770605]jd_time:[2460277.1045023147]
sat:47429ECI:[2949.0642949054863, 2793.8138141977165, -5454.854946707007, 5.4844267608804005, 2.9337265000545547, 4.461682798369219]jd_time:[2460277.1045023147]
sat:47431ECI:[4034.6750597073715, 3231.541429119224, -4016.7452154253774, -2.9042291788692007, -3.9473895403030874, -6.077579063840055]jd_time:[2460277.1045023147]
sat:47432ECI:[2307.629414006177, 1492.5179484171701, -5937.491111336619, -4.377481501733596, -5.6662720381174525, -3.1200332672934348]jd_time:[2460277.1045023147]
sat:47433ECI:[-2064.101241736084, -688.9053831165005, 6202.503627005825, 5.466941605531734, 4.999323037209894, 2.377408986613913]jd_time:[2460277.1045023147]
sat:47434ECI:[4000.639861148947, -397.8104353011724, 5210.047049211479, 5.825478853045715, -2.221274612320426, -4.6503545310340435]jd_time:[2460277.1045023147]
sat:47442ECI:[3724.190483960311, 1187.8853333911527, 5602.923226698032, -5.295985330203294, -3.485481266007103, 4.258387918939657]jd_time:[2460277.1045023147]
sat:47443ECI:[1396.8294611810556, 425.0584536194867, -6423.672488020799, -4.613802867802741, -6.111142697180292, -1.4061210325004045]jd_time:[2460277.1045023147]
sat:47444ECI:[-4230.44051684244, 1069.6575399640017, -4862.350827177428, -5.170442595162352, 2.853451183303991, 5.115828202585992]jd_time:[2460277.1045023147]
sat:47447ECI:[-5335.608587539867, 3754.8043856178633, 603.5696237670672, 1.1526394170044942, 0.4169594583405172, 7.701168677203917]jd_time:[2460277.1045023147]
sat:47449ECI:[1962.6378476365244, 314.6132206989463, 6235.861581283216, 7.173662617416553, -2.1799703865714783, -2.1495714799628907]jd_time:[2460277.1045023147]
sat:47451ECI:[-4556.789196376459, 580.9637527439256, -4650.402947162429, -5.247274570040286, 2.1046052888152045, 5.393062158333323]jd_time:[2460277.1045023147]
sat:47455ECI:[-5519.135205801578, 632.2522704720596, -3536.908623368012, -3.9784397709955455, 1.645026557071416, 6.484055924666406]jd_time:[2460277.1045023147]
sat:47459ECI:[5090.264103714026, 2352.977327394654, 3880.0038518517295, -3.4000416871553236, -2.882961134753722, 6.208567104522967]jd_time:[2460277.1045023147]
sat:47460ECI:[6094.006294939069, -1431.989987513261, -1992.995764393072, -2.53064897905216, -0.48121798961881923, -7.352673810905765]jd_time:[2460277.1045023147]
sat:47464ECI:[-685.851006206411, -725.2466183929093, -6471.204946178536, -7.642014975649097, 1.4658021295439965, 0.6451254362953514]jd_time:[2460277.1045023147]
sat:47465ECI:[-910.2194468642554, 511.6668530597347, -6749.540018422247, 6.7289303528714886, 3.561560595836218, -0.638651951160033]jd_time:[2460277.1045023147]
sat:47466ECI:[-6253.369956068828, -1491.927779133055, -1194.8005654343524, -1.6215256387413055, 0.6580853489112402, 7.60936267760133]jd_time:[2460277.1045023147]
sat:47468ECI:[4635.335944243697, 1543.2471222848433, -4356.752144880814, -4.440327134467301, -2.8889659200851265, -5.735392090443354]jd_time:[2460277.1045023147]
sat:47470ECI:[-6254.4592851076095, -1983.9091139301006, -380.46113223526424, -0.7411656794280603, 0.813118376445574, 7.709162010365911]jd_time:[2460277.1045023147]
sat:47480ECI:[-2573.630806842618, 373.23501979824823, 6008.560633107169, 7.063544493789415, 1.5149327803025199, 2.9345058205935914]jd_time:[2460277.1045023147]
sat:47703ECI:[-1241.4112259757544, 5252.707047281919, -3775.10355487916, 0.17302938395085954, 4.569906834441335, 6.299100475890821]jd_time:[2460277.1045023147]
sat:47704ECI:[-308.79859434657135, 6600.7146217565005, -165.11366193360496, 0.9870695022407996, 0.2438325055331393, 7.701322880801921]jd_time:[2460277.1045023147]
sat:47705ECI:[-890.0405069840758, 2126.8805823295984, -6119.825864604062, -0.005936912086939261, 7.376728389582947, 2.5676030336205065]jd_time:[2460277.1045023147]
sat:47706ECI:[-528.5593154320312, -5113.535937642533, -4096.720160929418, -0.7769025383131402, 4.899018979632468, -6.0031213490853474]jd_time:[2460277.1045023147]
sat:47707ECI:[701.118870902009, -1155.568541464967, 6402.533955799524, -1.0265168406672602, -7.628916260083506, -1.2650727730328701]jd_time:[2460277.1045023147]
sat:47708ECI:[1440.4984275354977, 3359.723046280606, 5467.562872519634, -0.8292858668232626, -6.490606449367027, 4.215481878387585]jd_time:[2460277.1045023147]
sat:47709ECI:[718.7339594205224, 4887.141572516932, -4310.723512341358, 2.048919118752812, 4.809390085961048, 5.790765622709937]jd_time:[2460277.1045023147]
sat:47710ECI:[2761.517307396038, 5471.058410232297, -2461.078643508077, 2.2550574183174956, 2.0806444422475097, 7.140177278159116]jd_time:[2460277.1045023147]
sat:47711ECI:[-3800.948396544911, -3962.362508619264, -3610.243689210743, 2.069221020183619, 3.8830791034915837, -6.426757210247628]jd_time:[2460277.1045023147]
sat:47712ECI:[-2659.1684695114354, -4910.85293788432, -3567.910271083783, 0.9285170761111791, 4.195753215639295, -6.455948934331782]jd_time:[2460277.1045023147]
sat:47714ECI:[3195.0207092189607, 3137.6668552122346, 4772.663500818976, -2.9604459451660277, -4.955491304536155, 5.248105908069954]jd_time:[2460277.1045023147]
sat:47715ECI:[986.7153350903014, 4686.136146763888, -4431.229017787641, 2.4160129232281715, 4.837377660850793, 5.651640147421678]jd_time:[2460277.1045023147]
sat:48626ECI:[-5178.093614643103, 3880.795526887461, 883.1113560521808, 1.41954464000809, 0.1575472818514534, 7.678562179097076]jd_time:[2460277.1045023147]
sat:48627ECI:[-377.1019054935764, 1384.446615549568, 6391.281078181276, 5.91026387326682, -4.885202795141328, 1.4063750577687713]jd_time:[2460277.1045023147]
sat:48628ECI:[-4973.164545568611, 2286.847157510507, -3606.3451467660507, -3.3788913949022565, 2.829197578865972, 6.435732448350056]jd_time:[2460277.1045023147]
sat:48629ECI:[5402.971334155368, -2948.3844308946186, -2181.6246365349007, -2.7707730001136364, 0.34014090792096524, -7.3003962288043]jd_time:[2460277.1045023147]
sat:48630ECI:[-2881.9539875443947, 454.9394499827197, -5902.859853200701, -6.280485635428925, 3.198302886517472, 3.3048535081249386]jd_time:[2460277.1045023147]
sat:48631ECI:[-5745.362257879054, 1738.2272399583928, -2745.6475054382545, -2.7670239565492625, 1.9453040330291582, 6.996886767687954]jd_time:[2460277.1045023147]
sat:48632ECI:[-482.9478805170502, 1017.3430726027477, 6519.418750928532, 7.355407603076133, -2.293347584454106, 0.9015736028851621]jd_time:[2460277.1045023147]
sat:48633ECI:[-4641.240838825411, 1663.3140560556387, 4379.319742678442, 5.221825301786357, -0.5007571373313662, 5.731943559461415]jd_time:[2460277.1045023147]
sat:48634ECI:[306.90342648142723, 783.5079506331947, 6507.2917673549555, 7.728558900645349, -0.9282840988003397, -0.2560329379383747]jd_time:[2460277.1045023147]
sat:48635ECI:[5792.750073395128, 76.47281839787038, 3179.391044112294, 3.7031699373745615, -1.0504458311814526, -6.745282024639557]jd_time:[2460277.1045023147]
sat:48636ECI:[-6048.001706374671, -1197.2466615984902, -2267.0200613736397, -2.824031758089378, 0.4907413534105122, 7.243394368685812]jd_time:[2460277.1045023147]
sat:48637ECI:[4958.817353382627, 2050.25402284134, 3811.036419932755, 4.5593871484508, 0.6049879317638461, -6.275982380011258]jd_time:[2460277.1045023147]
sat:48882ECI:[-4696.832403376228, -4465.381717269444, -1149.859153980982, 0.26801466773741356, 1.6885732602679104, -7.591281845633487]jd_time:[2460277.1045023147]
sat:48883ECI:[-2384.418696627345, 3438.7664376438397, -5349.058758086421, -2.0047740479312743, 5.779955936109705, 4.612088610584238]jd_time:[2460277.1045023147]
sat:48884ECI:[2348.637660338122, -3339.601667405997, 5435.838855928473, 2.055159018721367, -5.856933318712748, -4.483689758366442]jd_time:[2460277.1045023147]
sat:48886ECI:[-1625.0867181867495, 4962.8429583866055, 4347.702863050752, 2.7563734595147915, -4.177079789520195, 5.799068454977719]jd_time:[2460277.1045023147]
sat:48887ECI:[4471.159059909506, 3700.621316064143, 3121.4882775293177, -2.0565878568252662, -3.211386002486195, 6.7770057096941905]jd_time:[2460277.1045023147]
sat:48888ECI:[-93.22071152070366, 2218.3461437953183, 6416.600637565603, 3.3779570407182837, -6.484438931287392, 2.2925207967637378]jd_time:[2460277.1045023147]
sat:48889ECI:[-1678.22761370871, -2445.6989553677095, 5904.812875394013, -5.6263050578702325, -4.179618550837827, -3.3333697281190533]jd_time:[2460277.1045023147]
sat:48890ECI:[-752.7867556219715, -510.08362547774834, -6728.070486481397, -3.285619745410674, 6.919839687426501, -0.1548943380502371]jd_time:[2460277.1045023147]
sat:48891ECI:[-1635.7624829048746, -2845.974286882334, 5680.265384941811, -5.019284715522973, -4.617874486201761, -3.761763407914529]jd_time:[2460277.1045023147]
sat:48893ECI:[-2526.5806754495893, 3875.0762587204536, -4980.954087743044, -1.7567877866546997, 5.4229233947367526, 5.113202647439714]jd_time:[2460277.1045023147]
sat:48894ECI:[1783.5036259222475, -4935.133184669511, -4301.396344018894, -2.861162326154624, 4.056379873284281, -5.838854528295627]jd_time:[2460277.1045023147]
sat:48895ECI:[-1976.476633240635, 2332.615548245482, -6071.257681625849, -2.5044508668409278, 6.443251914300327, 3.2935344407506797]jd_time:[2460277.1045023147]
sat:48896ECI:[-705.3183445021955, 3347.9572624472908, 5862.766064192133, 3.2862698202016114, -5.8333985554305094, 3.728626955344137]jd_time:[2460277.1045023147]
sat:48897ECI:[3061.7363206797336, -5698.714096936561, 2057.1973635791574, 0.15130114256411695, -2.5307683614890184, -7.230268951850373]jd_time:[2460277.1045023147]
sat:48899ECI:[-1283.5334515660604, 4164.107373333393, 5200.250653122147, 3.2036653999196845, -5.028288919606415, 4.818770331258157]jd_time:[2460277.1045023147]
sat:48904ECI:[3112.653001439488, -5096.629153742924, 3203.058750900186, 0.8850042653364928, -3.659728273191049, -6.680290885348691]jd_time:[2460277.1045023147]
sat:48932ECI:[5246.919546896093, 3845.944197487539, 822.9237605580953, 1.3819672011040987, -0.2641418626116924, -7.6660706683055935]jd_time:[2460277.1045023147]
sat:48933ECI:[-5883.19044912266, -2464.1593433045077, 1560.2105540208506, 1.2756597881703367, 1.6742115309778334, 7.502769932683045]jd_time:[2460277.1045023147]
sat:48934ECI:[-2696.98176492277, -3333.754636795097, -4925.263733765672, -4.847469320765336, -3.512423378298898, 5.026545114200988]jd_time:[2460277.1045023147]
sat:48935ECI:[-3826.4792591809314, -1946.6969048390015, -4959.061261616012, -5.859255683450305, -1.229879911787146, 5.001962920434785]jd_time:[2460277.1045023147]
sat:48936ECI:[-3868.8148076254142, -4510.438156745454, 2796.466067381227, 1.2746588118301994, 3.2183340360963184, 6.978047304712986]jd_time:[2460277.1045023147]
sat:48937ECI:[1606.0393427486176, 66.98010715213306, -6404.5075007561945, -6.175302328454379, -4.447944858019519, -1.5883763588081725]jd_time:[2460277.1045023147]
sat:48939ECI:[869.292680462157, -551.3813504277223, -6448.942297925335, -7.109821625528812, -3.182046232577058, -0.686070659403536]jd_time:[2460277.1045023147]
sat:48940ECI:[3048.7409398748187, 2389.899713569015, 5285.521355115565, 5.888586612444915, 2.422811834841453, -4.497987081629019]jd_time:[2460277.1045023147]
sat:48945ECI:[4211.376562439131, 2439.5207761847323, -4415.811023190973, -3.7734930486797205, -3.7776927031292975, -5.671992836644607]jd_time:[2460277.1045023147]
sat:48946ECI:[-574.0366814009753, 653.2441555747363, 6522.56572604125, 5.140628908107007, 5.835406720390841, -0.12878342367999518]jd_time:[2460277.1045023147]
sat:48947ECI:[-4360.054623589987, -1301.0583788386339, 4797.811066325132, 4.866245620445243, 2.995660926854288, 5.254559292079311]jd_time:[2460277.1045023147]
sat:48949ECI:[3163.512013390087, 2714.632456389496, -5029.408484480892, -3.4262484426219695, -5.058122300349722, -4.875888841926484]jd_time:[2460277.1045023147]
sat:52009ECI:[-3902.037010972117, 638.3486387338701, 5517.394374816148, -5.710808502827116, 2.67376768405358, -4.357077829060251]jd_time:[2460277.1045023147]
sat:52010ECI:[-6272.534298561404, 2052.1069750697616, 1549.5405570818837, -1.3289280030383144, 1.5167592041075737, -7.40159493500474]jd_time:[2460277.1045023147]
sat:52011ECI:[2906.9303885881022, -1868.2595746645372, 5843.631416406542, -6.425787180373404, 1.7958018547539212, 3.763444010276164]jd_time:[2460277.1045023147]
sat:52012ECI:[-6078.5629725968465, 1808.292893639425, 2389.4431484434876, -2.2590681810684443, 1.7880071346648228, -7.110730773631676]jd_time:[2460277.1045023147]
sat:52013ECI:[-2985.2171613805126, 1880.5403691482409, -5790.013354485648, 6.3864049484384795, -1.7508534138526017, -3.869247181534499]jd_time:[2460277.1045023147]
sat:52014ECI:[-5100.035248390281, 2333.6067774901985, -3800.525846063736, 4.36563283275206, -0.6681041849565131, -6.2749735700940095]jd_time:[2460277.1045023147]
sat:52015ECI:[-5951.582782622712, 1802.4284638967329, 2710.610328702706, -2.5826517540052722, 1.9225403349123336, -6.959968403236123]jd_time:[2460277.1045023147]
sat:52016ECI:[-541.9713135534518, -745.2572239171226, 6730.993712816218, -7.175159743261845, 2.6632916750664912, -0.29086591049581134]jd_time:[2460277.1045023147]
sat:52018ECI:[-1941.0952965275633, -104.45057821705045, 6295.911096549469, -6.8463625868635996, 3.058820345173007, -2.0655964918404535]jd_time:[2460277.1045023147]
sat:52019ECI:[-4504.766684108709, 3868.427675391801, -2728.746476208755, 3.1782492348244165, -1.2586351008365917, -7.0231677370698975]jd_time:[2460277.1045023147]
sat:52020ECI:[1313.6292168638909, 440.6751405714951, -6654.678120177364, 7.021499558372567, -2.815555314067798, 1.1909950728480583]jd_time:[2460277.1045023147]
sat:52021ECI:[-3355.512955605368, 358.05730313163104, 5878.344185779029, -6.166639490304531, 2.6788988725630496, -3.6915148569710245]jd_time:[2460277.1045023147]
sat:52022ECI:[4203.598016709503, -2238.3623168153877, 4855.527569951734, -5.410517339638813, 1.2653864017102123, 5.261145651431999]jd_time:[2460277.1045023147]
sat:52023ECI:[3062.528404575689, -265.9591134786083, -6057.760441040499, 6.327541959288051, -2.766336780345793, 3.31193295418802]jd_time:[2460277.1045023147]
sat:52024ECI:[-2268.8022389414277, -75.39734472448745, 6391.678476405393, -6.746323176763398, 2.765451982304806, -2.370474362484925]jd_time:[2460277.1045023147]
sat:52025ECI:[2999.9867830672447, -1757.9082425281108, 5783.589903575046, -6.482947675209751, 1.5458179332081394, 3.8253619749194887]jd_time:[2460277.1045023147]
sat:52026ECI:[-4927.715739534825, 1886.1263540981477, 3857.4772730319337, -3.7928857829709193, 2.7950148330989153, -6.229057224390542]jd_time:[2460277.1045023147]
sat:52027ECI:[-1865.5376942789883, -218.39985588567802, 6526.389904847673, -6.865778370256952, 2.8350604073226555, -1.8758361777772945]jd_time:[2460277.1045023147]
sat:52028ECI:[3607.248083164467, -258.9963602431782, -5648.400074659672, 6.149780383827947, -2.310355165564898, 4.029680863860933]jd_time:[2460277.1045023147]
sat:52029ECI:[-5361.648636985846, 2459.6940310773357, -3351.127828490285, 3.881625647821146, -0.514911298473725, -6.5937903071830775]jd_time:[2460277.1045023147]
sat:52164ECI:[-5074.45762525001, 204.3749734516269, -4123.277350896491, 4.908849160758565, 1.0814810429692086, -5.975103166941669]jd_time:[2460277.1045023147]
sat:52166ECI:[-6321.275822014253, -795.5939116436243, 1455.2315694957, -1.8275178487647536, 0.7970969532160812, -7.549349215420477]jd_time:[2460277.1045023147]
sat:52176ECI:[3619.4337518600655, 810.3490741306157, -5374.402239446827, 6.504458572941967, -0.33917880433241726, 4.3202636412113575]jd_time:[2460277.1045023147]
sat:52177ECI:[5412.790246119668, 648.225829194776, 3718.843607723174, -4.147602063889808, -1.7031594316018355, 6.346881233922365]jd_time:[2460277.1045023147]
sat:52179ECI:[4914.824430362695, 2100.1520362964347, -3750.6989821061607, 4.560629847201991, 0.627904459997529, 6.316602558943451]jd_time:[2460277.1045023147]
sat:52180ECI:[1576.1395774663574, 1348.8371277437238, -6276.932944844882, 7.170597813389794, 1.9905989442384737, 2.229749589096174]jd_time:[2460277.1045023147]
sat:52181ECI:[-5590.5576243054475, -2199.2983909029995, 2834.871843916542, -3.4400878515130024, -0.18074663247808104, -6.935148489443424]jd_time:[2460277.1045023147]
sat:52182ECI:[3959.2951987575493, 168.7060871042366, 5293.963772958717, -5.9923282225049155, -1.906492671142446, 4.549828406217982]jd_time:[2460277.1045023147]
sat:52183ECI:[-2703.645996883838, -1716.647549326966, 5789.421721885004, -6.622168125415177, -1.787412668210949, -3.6232549426827814]jd_time:[2460277.1045023147]
sat:52185ECI:[-4612.499731709482, -1028.6118659184795, 4529.65940880058, -5.4799476633773345, 0.18622116116806264, -5.5470942029451455]jd_time:[2460277.1045023147]
sat:52186ECI:[-1151.6046259088257, 491.1175652615591, -6398.537149095434, 7.323898477461181, 2.5100472940424536, -1.1209921254088833]jd_time:[2460277.1045023147]
sat:52187ECI:[-1452.2122761619198, 699.2511498943999, -6405.52248724587, 7.552730042506063, 0.8662386880657577, -1.6141092394858154]jd_time:[2460277.1045023147]
sat:52394ECI:[-1500.398313201847, -676.524559079719, -6621.4678695387, 4.033001769847225, 6.300812949414971, -1.5605248660821076]jd_time:[2460277.1045023147]
sat:52395ECI:[-1953.2936789094715, -1813.0464505331934, -6189.291419133144, 3.1906803858586152, 6.380233162224001, -2.8757371710917163]jd_time:[2460277.1045023147]
sat:52396ECI:[-1084.6086413444975, -3374.5643315651105, 5735.877293966653, -3.7338437686320116, -5.460015675182209, -3.919140480010097]jd_time:[2460277.1045023147]
sat:52397ECI:[959.8628523501993, 3199.440146642238, -5861.52611715213, 3.768524886650556, 5.60202103507373, 3.674310130206669]jd_time:[2460277.1045023147]
sat:52398ECI:[-3260.392781825688, -4729.983152167863, -3534.285241965323, 1.3030038642927857, 3.9388587770029417, -6.4722057119504655]jd_time:[2460277.1045023147]
sat:52399ECI:[-3419.617881211001, -4418.452811926546, -3871.946047012863, 1.6851717335217158, 4.140191373574185, -6.217482237018729]jd_time:[2460277.1045023147]
sat:52400ECI:[1620.8128503915354, 877.7277765325638, 6563.636383820814, -3.953533058185142, -6.290056317818625, 1.8145068861034719]jd_time:[2460277.1045023147]
sat:52401ECI:[-3491.4478351783755, -4148.677029004937, -4141.27733510813, 1.996771778723608, 4.298706220140176, -5.996180334968833]jd_time:[2460277.1045023147]
sat:52402ECI:[-2371.9382042915977, -5062.711905921328, 3780.5822912785634, -2.886219102404914, -3.3435735727975904, -6.289200680531673]jd_time:[2460277.1045023147]
sat:52403ECI:[2189.014104467618, 4707.905031781556, -4345.253527706171, 3.2154173328570455, 3.8578966910529253, 5.800077472526436]jd_time:[2460277.1045023147]
sat:52404ECI:[3421.578729140335, 5648.421364226684, 1363.7489080720825, 0.06663705164961652, -1.8419925384499196, 7.464177227956243]jd_time:[2460277.1045023147]
sat:52405ECI:[3268.2326455381394, 5803.921980313332, -1134.2734894240532, 1.5018638742812531, 0.6211092344667063, 7.506306804743293]jd_time:[2460277.1045023147]
sat:52406ECI:[61.722126803038066, -1501.769166667328, 6628.971492835521, -4.2131705549743375, -6.246112330138741, -1.3771985504486397]jd_time:[2460277.1045023147]
sat:52407ECI:[-2992.393376486306, -5200.80784665617, 3228.8777282531587, -2.7602042848094666, -2.550867788478306, -6.663363599338129]jd_time:[2460277.1045023147]
sat:52408ECI:[512.9699201508695, -809.3685847818581, 6743.659142477082, -4.310196225580487, -6.306794202273007, -0.43205689864912483]jd_time:[2460277.1045023147]
sat:52409ECI:[-3074.0177412550647, -3253.433678975973, -5148.2701385491955, 2.7902869928572946, 5.1408322455048046, -4.9204681958252445]jd_time:[2460277.1045023147]
sat:52410ECI:[-367.97941456226874, -2053.3368836028612, 6492.137579941497, -4.338119726129867, -5.929223399729107, -2.1226495339001126]jd_time:[2460277.1045023147]
sat:52411ECI:[-1531.4114709829255, -3547.3180139144974, 5617.777657459352, -4.029933066210294, -4.943504090491638, -4.220435242586303]jd_time:[2460277.1045023147]
sat:52412ECI:[-3311.6682202750176, -3803.3674765175633, -4591.713189474534, 2.3205374245865173, 4.695379716215563, -5.568505791493219]jd_time:[2460277.1045023147]
sat:52413ECI:[1904.3905872361377, 1318.9217851657465, 6414.575615902773, -3.8176105154204536, -6.175094364794534, 2.3993402626187783]jd_time:[2460277.1045023147]
sat:52414ECI:[2566.5040262901116, 2438.9821331799267, 5830.910149682168, -3.281293017092732, -5.738450899830633, 3.840057631898665]jd_time:[2460277.1045023147]
sat:52415ECI:[1913.295282969501, 1315.6653694041408, 6415.279853459858, -3.840628585192116, -6.15703658450675, 2.4044475033483597]jd_time:[2460277.1045023147]
sat:52416ECI:[-3426.8827115734707, -5417.823432836299, 2334.764977758374, -2.2729421422116785, -1.6311317126258333, -7.115327515451996]jd_time:[2460277.1045023147]
sat:52417ECI:[3806.825882057936, 5645.738213237057, -489.26876742539633, 1.1207295045898873, -0.1046350117973864, 7.556264608785689]jd_time:[2460277.1045023147]
sat:55087ECI:[-4886.265427624499, -3420.4372938905753, 3377.20983565097, -3.6987578463706052, -1.2002589773272527, -6.565766551772848]jd_time:[2460277.1045023147]
sat:55089ECI:[-5855.939846859607, -3334.700273728414, -1236.4997651725369, 0.682668314780778, 1.5468586461552418, -7.441098657967449]jd_time:[2460277.1045023147]
sat:55091ECI:[-5901.275917729071, -3414.7414456146057, -703.1014730160463, 0.16761808726509736, 1.2468260394154613, -7.525300581320814]jd_time:[2460277.1045023147]
sat:55092ECI:[-5687.722908211421, -3110.1771939162663, -2213.3895466381755, 1.6339711827676942, 2.085772944674179, -7.1567557570362865]jd_time:[2460277.1045023147]
sat:55094ECI:[-1110.079191478984, 365.10405557705786, -6763.550731842386, 6.430105146786512, 3.996512685897911, -0.8481044645162079]jd_time:[2460277.1045023147]
sat:55095ECI:[-1346.956796820888, 219.1421344789666, -6727.52717976903, 6.379570899789216, 3.9994834689812406, -1.1562664088195298]jd_time:[2460277.1045023147]
sat:55096ECI:[-824.8426642509559, 541.9820850051203, -6793.553013751965, 6.487154921716702, 3.9634441049538545, -0.48017436017017445]jd_time:[2460277.1045023147]
sat:55097ECI:[3804.9197828606852, 3064.2783526253543, -4828.097138241285, 4.969624628218331, 2.2193436471997208, 5.322827480819896]jd_time:[2460277.1045023147]
sat:55099ECI:[-854.9299155682445, 523.0930316759269, -6790.3660837321495, 6.480596572680739, 3.9703779222445994, -0.5187803043492655]jd_time:[2460277.1045023147]
sat:55100ECI:[-4922.3411655146865, -2316.8057362919117, -4174.068922995588, 3.6050560369382243, 3.0754481972049597, -5.974846277154206]jd_time:[2460277.1045023147]
sat:55101ECI:[-2519.7741217424195, -555.7231698895998, -6354.912362837306, 5.903160629013071, 3.9938456704956455, -2.701229451475612]jd_time:[2460277.1045023147]
sat:55102ECI:[-5788.26465947457, -3253.118638855332, -1683.821899776064, 1.1141578941502934, 1.797658084940655, -7.3325170279869445]jd_time:[2460277.1045023147]
sat:56969ECI:[904.956795258188, 4665.442249640057, 4970.776028365012, 0.38917931835116015, -5.575814347872832, 5.17333967644385]jd_time:[2460277.1045023147]
sat:56972ECI:[811.7952709695821, -1424.0811800124868, 6685.247901691819, -0.5786498710425094, -7.435477661958797, -1.5040124375004453]jd_time:[2460277.1045023147]
sat:56973ECI:[-766.3514285613361, 1955.8504700708645, -6550.951526181996, 0.6541301522715263, 7.286490601499851, 2.108878291694318]jd_time:[2460277.1045023147]
sat:56975ECI:[838.4187770350503, -1064.5322979731218, 6749.3428232339265, -0.5318612196408572, -7.507954332256523, -1.1083468467511142]jd_time:[2460277.1045023147]
sat:56976ECI:[-8.345521390576675, -6467.5859603403405, 2375.3063230639227, -1.0642107921372443, -2.5952983169790484, -7.064601748854657]jd_time:[2460277.1045023147]
sat:56978ECI:[167.11627123738148, -5935.421919875826, 3493.674606027682, -1.047689548579899, -3.8444019543764427, -6.473709181587662]jd_time:[2460277.1045023147]
sat:56979ECI:[915.7488732756256, 4694.234004064875, 4939.657472967263, 0.37996364735826854, -5.543942027770677, 5.209580399559216]jd_time:[2460277.1045023147]
sat:56980ECI:[205.99090772647347, -5763.342496959529, 3768.4043950770606, -1.0420238250066762, -4.15053424924939, -6.283023795068899]jd_time:[2460277.1045023147]
sat:56982ECI:[617.3834732945986, -3353.9531506309804, 5983.801437027036, -0.8243332582587655, -6.634277287700893, -3.623981342233475]jd_time:[2460277.1045023147]
sat:56983ECI:[-902.3804927495847, 1.4912598029825985, -6820.082607725127, 0.3724744819443513, 7.603556201100329, -0.037801347391829485]jd_time:[2460277.1045023147]
sat:56984ECI:[-925.6107207297255, -544.5260626738147, -6794.218384939161, 0.2863480459298026, 7.580913718555856, -0.6360070178360219]jd_time:[2460277.1045023147]
sat:56985ECI:[-730.2798227541704, 2392.591986064632, -6405.508189357048, 0.6928182326169455, 7.12687227087084, 2.593771874201775]jd_time:[2460277.1045023147]
