1 40248U 97082H   20223.40950515  .02931094  00000-0  11668-1 0  9993
2 40248  85.7958 271.9205 0009388 241.4618 118.5714 15.83487826318755
1 40249U 97082J   23333.53192920  .00002702  00000-0  88507-3 0  9992
2 40249  86.3913 345.3459 0001552  91.9435 268.1940 14.38139886480933
1 40250U 97082K   15025.02939980  .03108063  00000-0  53979-1 0  9995
2 40250 085.7943 241.6330 0017923 355.7401 010.8773 15.47098958 20346
1 40251U 97082L   23334.17479726  .00014168  00000-0  69910-2 0  9993
2 40251  86.3398  44.9836 0164662 244.3122 114.0979 14.10558819473803
1 40252U 97082M   23042.73394864  .00617590  00000-0  18291-1 0  9994
2 40252  86.3793  50.8857 0024955  43.5338 316.7875 15.32456130447579
1 40253U 97082N   15131.47167635  .01039479  00000-0  41284-1 0  9993
2 40253 086.1369 199.0649 0016192 251.2262 109.6947 15.22370466 37907
1 40254U 97082P   23326.66432823  .00037791  00000-0  17304-1 0  9994
2 40254  86.0058 296.8634 0175970 352.4871   7.3679 14.13318403467479
1 40255U 97082Q   23332.50074143  .00011405  00000-0  58348-2 0  9990
2 40255  86.2941  36.7366 0177728 352.8199   7.0438 14.07629866471764
1 40256U 97082R   18298.32918714  .00383556  00000-0  54268-2 0  9993
2 40256  86.2652 315.6945 0003544 326.4179  33.6857 15.55204004226692
1 40257U 97082S   15088.37894676  .23088663  00000-0  15992+0 0  9997
2 40257 086.2742 225.4614 0050383 330.3288 032.5529 15.66792471 42751
1 40324U 02005G   15303.67313582  .06838468  00000-0  83580-1 0  9995
2 40324  86.3360 171.4423 0018757 157.8009 202.4070 15.55845580 48521
1 40325U 02005H   15080.94901671  .16617495  00000-0  96205-1 0  9994
2 40325 086.4086 266.5886 0037141 025.3510 336.9927 15.71773587 16200
1 40326U 02005J   21173.40874298  .23175163 -13106-5  92092-2 0  9997
2 40326  86.4267 318.0102 0021450 299.4050  60.5107 16.23105649355094
1 40327U 02005K   23194.90647347  .03881588  00000-0  23856-1 0  9998
2 40327  86.2941  24.6959 0017378 262.8984  97.0312 15.73140766458366
1 40992U 97051ABE 23058.68570781  .00179905  00000-0  26478-1 0  9995
2 40992  86.2953  26.4950 0012385 287.6050 194.3376 14.74290741585417
1 40993U 97051ABF 23056.79072569  .00129619  00000-0  10465-1 0  9993
2 40993  86.3599  65.8250 0019270 116.2128  57.3072 14.99063091564497
1 40994U 97051ABG 23136.95418629  .00053028  00000-0  38191-2 0  9999
2 40994  86.3816  18.7779 0000994  30.3820 329.7472 15.03951669462266
1 40995U 97051ABH 22104.19788461 -.00021063  00000-0 -54453-2 0  9999
2 40995  86.3928 254.7193 0045621 158.1723 327.2805 14.49575926514077
1 40996U 97051ABJ 23333.48087035  .00013385  00000-0  29234-2 0  9991
2 40996  86.3676 336.2744 0015149 109.6694  43.2757 14.57664465515243
1 40997U 97051ABK 21342.87203669  .00650905  00000-0  58778-2 0  9996
2 40997  86.3257 199.1118 0009961  69.9707 290.2632 15.66124041559244
1 40998U 97051ABL 23331.86027955  .00002776  00000-0  87318-3 0  9998
2 40998  86.3867  10.8509 0008737  33.7666  93.3065 14.40128862963560
1 41917U 17003A   23333.80205127  .00000712  00000-0  24704-3 0  9992
2 41917  86.3956 117.3749 0002220  81.6161 278.5286 14.34212905359851
1 41918U 17003B   23333.78937792  .00000332  00000-0  11138-3 0  9995
2 41918  86.3952 117.2808 0002038 104.0711 256.0711 14.34217147359881
1 41919U 17003C   23333.93522009  .00000676  00000-0  23430-3 0  9993
2 41919  86.3942 117.2630 0001530 104.2866 255.8499 14.34219456359888
1 41920U 17003D   23333.83376366  .00000726  00000-0  25215-3 0  9996
2 41920  86.3953 117.2504 0001669  91.4179 268.7208 14.34213587359935
1 41921U 17003E   23333.38584927  .00000763  00000-0  26545-3 0  9999
2 41921  86.3967  85.8442 0002046  96.1347 264.0081 14.34223459361728
1 41922U 17003F   23333.77667605  .00000712  00000-0  24732-3 0  9998
2 41922  86.3959 117.3035 0001796  98.6417 261.4982 14.34213120359918
1 41923U 17003G   23333.78302356  .00000686  00000-0  23801-3 0  9995
2 41923  86.3957 117.2871 0002230  84.2271 275.9179 14.34212932359915
1 41924U 17003H   23333.81131917  .00000752  00000-0  26140-3 0  9996
2 41924  86.3967  85.6047 0002501  96.7001 263.4479 14.34212559361777
1 41925U 17003J   23333.56104232  .00000334  00000-0  11215-3 0  9992
2 41925  86.3953 117.2646 0001731  88.5691 271.5703 14.34218461359885
1 41926U 17003K   23333.82741583  .00000732  00000-0  25450-3 0  9996
2 41926  86.3955 117.2033 0001887 100.8864 259.2544 14.34210812359978
1 42803U 17039A   23334.08646774  .00000615  00000-0  21263-3 0  9993
2 42803  86.3973 350.8473 0002021 103.5643 256.5778 14.34216869337874
1 42804U 17039B   23332.59303416  .00000568  00000-0  19573-3 0  9999
2 42804  86.3993  22.9600 0001987  94.8918 265.2504 14.34223772336428
1 42805U 17039C   23334.14988643  .00000660  00000-0  22842-3 0  9990
2 42805  86.3962 350.7239 0002145  94.9233 265.2208 14.34218496337871
1 42806U 17039D   23333.55999499  .00000852  00000-0  24716-3 0  9991
2 42806  86.4502 350.9653 0002115 103.3519 256.7918 14.43297660340039
1 42807U 17039E   23333.60151344  .00000149  00000-0  46309-4 0  9999
2 42807  86.3990  22.5410 0002097  92.3003 267.8433 14.34215308336564
1 42808U 17039F   23334.17868918  .00000271  00000-0  89573-4 0  9991
2 42808  86.3987  22.2654 0002058  97.0681 263.0749 14.34216981336688
1 42809U 17039G   23333.50637402  .00000039  00000-0  68329-5 0  9999
2 42809  86.3992  22.5827 0001955  97.9085 262.2332 14.34214881336554
1 42810U 17039H   23334.04849133  .00000674  00000-0  19425-3 0  9993
2 42810  86.4467 319.1174 0002473  85.4367 274.7117 14.43282762340956
1 42811U 17039J   23333.77618430  .00000950  00000-0  33205-3 0  9996
2 42811  86.3986  53.9869 0002018  94.8348 265.3078 14.34215886336628
1 42812U 17039K   23334.15331547  .00000515  00000-0  17685-3 0  9992
2 42812  86.3990  22.3344 0002017  95.9115 264.2311 14.34215780336648
1 42955U 17061A   23333.59859503  .00000415  00000-0  14096-3 0  9991
2 42955  86.3989  54.1561 0001966 103.2768 256.8647 14.34219223321398
1 42956U 17061B   23333.73177453  .00000715  00000-0  24817-3 0  9990
2 42956  86.3987  54.0413 0001943 100.1051 260.0364 14.34212409321435
1 42957U 17061C   23333.76983885  .00000032  00000-0  43222-5 0  9993
2 42957  86.3991  54.0220 0002236 102.4289 257.7157 14.34212510321426
1 42958U 17061D   23333.72544443  .00000317  00000-0  10596-3 0  9995
2 42958  86.3987  54.0986 0002178 105.5356 254.6080 14.34217164321437
1 42959U 17061E   23333.27511778  .00000521  00000-0  17887-3 0  9998
2 42959  86.3988  54.2780 0002048  99.9146 260.2281 14.34213408321389
1 42960U 17061F   23333.78252319  .00000666  00000-0  23083-3 0  9994
2 42960  86.3989  54.0819 0002194  92.8765 267.2682 14.34212394321479
1 42961U 17061G   23333.30047047  .00000659  00000-0  22809-3 0  9990
2 42961  86.3988  54.2686 0002290 100.3080 259.8374 14.34227289321390
1 42962U 17061H   23333.61127836  .00000100  00000-0  28811-4 0  9991
2 42962  86.3987  54.1408 0001878 104.6743 255.4661 14.34214175321453
1 42963U 17061J   23334.17577341  .00000434  00000-0  14803-3 0  9999
2 42963  86.3989  53.9524 0002188  95.4874 264.6572 14.34217088321548
1 42964U 17061K   23333.60495456  .00000237  00000-0  77411-4 0  9999
2 42964  86.3992  54.2352 0002223 106.4173 253.7267 14.34219560321470
1 43070U 17083A   23333.43951024  .00000595  00000-0  20521-3 0  9997
2 43070  86.3969 351.0151 0002328  87.0368 273.1094 14.34225369310740
1 43071U 17083B   23333.60442486  .00000088  00000-0  24311-4 0  9993
2 43071  86.3959 350.6889 0002194 100.7092 259.4350 14.34214592310750
1 43072U 17083C   23333.43316503  .00000596  00000-0  20570-3 0  9991
2 43072  86.3967 351.0146 0002117  89.7657 270.3782 14.34225485310764
1 43073U 17083D   23333.61077164 -.00000764  00000-0 -28004-3 0  9998
2 43073  86.3974 351.1255 0002218  87.9675 272.1775 14.34212758310735
1 43074U 17083E   23333.58539241  .00000627  00000-0  21696-3 0  9990
2 43074  86.3971 350.9881 0001704  92.0562 268.0829 14.34214333310753
1 43075U 17083F   23333.55369199  .00000576  00000-0  19865-3 0  9999
2 43075  86.3967 350.9970 0002351  91.3608 268.7857 14.34215491310710
1 43076U 17083G   23333.42682810  .00000588  00000-0  20291-3 0  9992
2 43076  86.3972 351.1237 0002139  82.9820 277.1619 14.34224520310760
1 43077U 17083H   23333.56002870  .00000108  00000-0  31539-4 0  9996
2 43077  86.3967 350.9512 0002021  91.6755 268.4672 14.34214946310787
1 43078U 17083J   23333.51219644  .00000461  00000-0  15754-3 0  9993
2 43078  86.3944 319.4241 0001996  98.2627 261.8795 14.34225264311883
1 43079U 17083K   23333.54734233  .00000615  00000-0  21248-3 0  9999
2 43079  86.3975 351.0813 0001928  91.6200 268.5217 14.34215517310718
1 43249U 18030A   23333.44880663  .00000385  00000-0  13050-3 0  9995
2 43249  86.3941 319.4035 0002266  86.4597 273.6858 14.34221686296738
1 43250U 18030B   23333.38535930  .00000416  00000-0  14136-3 0  9995
2 43250  86.3941 319.4073 0002447  86.2617 273.8859 14.34224305296749
1 43251U 18030C   23334.03230989  .00000554  00000-0  19063-3 0  9992
2 43251  86.3942 319.1696 0001933  92.0648 268.0769 14.34213619296817
1 43252U 18030D   23333.98155738  .00000475  00000-0  16244-3 0  9994
2 43252  86.3942 319.2053 0002531  93.0014 267.1471 14.34224876296861
1 43253U 18030E   23333.89911071  .00000376  00000-0  12731-3 0  9992
2 43253  86.3942 319.2139 0002535  86.0582 274.0904 14.34223968296783
1 43254U 18030F   23333.46146653  .00000407  00000-0  13837-3 0  9995
2 43254  86.3942 319.4128 0002430  85.1945 274.9529 14.34221793296732
1 43255U 18030G   23333.49954873  .00000371  00000-0  12535-3 0  9994
2 43255  86.3942 319.4257 0002229  80.4518 279.6930 14.34221607296772
1 43256U 18030H   23333.46781291  .00000393  00000-0  13318-3 0  9998
2 43256  86.3941 319.3616 0002211  83.9682 276.1766 14.34224111296739
1 43257U 18030J   23333.50586483  .00000386  00000-0  13062-3 0  9998
2 43257  86.3942 319.4321 0002488  90.5949 269.5532 14.34225040296763
1 43258U 18030K   23334.04497004  .00000466  00000-0  15927-3 0  9990
2 43258  86.3946 319.2622 0002424  84.2278 275.9194 14.34225398296801
1 43478U 18047C   23333.81839747  .00001012  00000-0  29486-3 0  9993
2 43478  86.4474 117.3343 0002038  92.7904 267.3530 14.43291046290941
1 43479U 18047D   23333.80837915  .00000752  00000-0  26156-3 0  9999
2 43479  86.3949 117.1980 0002133  85.7404 274.4036 14.34228587289146
1 43480U 18047E   23333.81474374  .00000886  00000-0  30934-3 0  9995
2 43480  86.3952 117.1844 0001775  98.7506 261.3891 14.34217206289138
1 43481U 18047F   23333.47222291  .00000664  00000-0  22982-3 0  9995
2 43481  86.3951 117.3949 0002000 102.1274 258.0146 14.34227096289077
1 43482U 18047G   23333.81210031  .00001018  00000-0  29645-3 0  9990
2 43482  86.4475 117.2401 0002036  91.1675 268.9759 14.43290658290934
1 43569U 18061A   23332.72038206  .00000646  00000-0  22349-3 0  9993
2 43569  86.3962  86.0651 0001769  87.0467 273.0931 14.34226678279864
1 43570U 18061B   23333.37367075  .00000688  00000-0  23867-3 0  9998
2 43570  86.3964  85.7553 0002251  95.7771 264.3681 14.34225440279980
1 43571U 18061C   23333.83033882  .00000723  00000-0  25129-3 0  9999
2 43571  86.3966  85.5734 0002185  94.4293 265.7152 14.34212081280025
1 43572U 18061D   23332.73943558  .00000627  00000-0  21671-3 0  9999
2 43572  86.3963  86.0581 0002304  87.5241 272.6219 14.34221639279880
1 43573U 18061E   23333.39902343  .00000686  00000-0  23798-3 0  9997
2 43573  86.3961  85.6972 0002028 101.5014 258.6409 14.34230432279949
1 43574U 18061F   23333.38002223  .00000927  00000-0  32380-3 0  9990
2 43574  86.3965  85.7933 0001690  91.6038 268.5351 14.34214584279992
1 43575U 18061G   23333.84936239 -.00002350  00000-0 -84655-3 0  9991
2 43575  86.3964  85.5419 0001784  88.5263 271.6137 14.34209256280032
1 43576U 18061H   23333.82400469  .00000713  00000-0  24746-3 0  9995
2 43576  86.3966  85.5583 0002205  95.9518 264.1929 14.34213092280018
1 43577U 18061J   23333.87472771  .00000687  00000-0  23832-3 0  9991
2 43577  86.3965  85.5628 0002163  90.3063 269.8381 14.34226970280074
1 43578U 18061K   23333.77326160  .00000689  00000-0  23907-3 0  9996
2 43578  86.3965  85.5620 0001825  87.9097 272.2308 14.34212931280024
1 43922U 19002A   23333.70298914  .00000590  00000-0  20346-3 0  9998
2 43922  86.3990  22.4647 0001920  87.3215 272.8201 14.34212464255667
1 43923U 19002B   23333.61322094  .00002121  00000-0  33227-3 0  9990
2 43923  86.6119  22.5344 0002339  93.0156 267.1329 14.72275317262330
1 43924U 19002C   23333.55710530  .00000590  00000-0  20351-3 0  9992
2 43924  86.3993  22.5763 0001981  91.2711 268.8712 14.34223717255580
1 43925U 19002D   23333.68396986  .00000588  00000-0  20275-3 0  9994
2 43925  86.3989  22.4501 0001980  95.4139 264.7283 14.34216389255590
1 43926U 19002E   23333.59601017  .00000912  00000-0  29172-3 0  9995
2 43926  86.4244  54.0925 0004020 139.9686 220.1809 14.38612314256432
1 43927U 19002F   23333.67762744  .00001802  00000-0  63625-3 0  9990
2 43927  86.3989  22.4579 0001983  90.0083 270.1340 14.34217951255590
1 43928U 19002G   23333.60700125  .00002146  00000-0  33621-3 0  9994
2 43928  86.1521   7.0254 0002377  93.1453 267.0035 14.72263871262322
1 43929U 19002H   23333.51906659  .00000572  00000-0  19715-3 0  9994
2 43929  86.4000  22.7273 0002214  90.2576 269.8874 14.34225733255569
1 43930U 19002J   23333.61922614  .00002122  00000-0  33245-3 0  9993
2 43930  86.6119  22.5367 0002482  94.8838 265.2662 14.72272110262346
1 43931U 19002K   23334.14061995  .00000459  00000-0  15668-3 0  9999
2 43931  86.3995  22.2792 0002174  89.6599 270.4846 14.34213811255658
1 44995U 97051ABM 21139.14053534  .00020596  00000-0  15176-2 0  9998
2 44995  86.3261 275.6534 0015103 202.2733 282.3331 15.03133242497017
1 46435U 97051ABN 23307.83481269  .00011688  00000-0  54597-2 0  9996
2 46435  86.2983 156.1639 0282035 188.8367 184.7130 14.01416313599924
1 46436U 97051ABP 21308.53834278  .00043449  00000-0  64544-2 0  9998
2 46436  86.3139 225.9623 0023889 353.7113 181.7360 14.74601076517743
1 46437U 97051ABQ 23020.10315378  .00942735  00000-0  24158-1 0  9992
2 46437  86.4926 159.2276 0022394 259.3253 100.5478 15.36459320610462
1 46734U 97051ABR 23333.33965712  .00004504  00000-0  15835-2 0  9993
2 46734  86.2638 327.4257 0043959 250.9396 175.8210 14.34209595523122
1 46804U 97051ABS 22075.17402168  .00007870  00000-0  29257-2 0  9998
2 46804  86.1650 224.6247 0115546 132.9018  40.4879 14.28351983495973
1 46961U 97051ABT 23041.99946266  .00153243  00000-0  20433-1 0  9990
2 46961  86.3856 133.5998 0045977 235.0107 124.6793 14.78035045 95207
1 46962U 97051ABU 23332.39936635  .00029106  00000-0  52012-2 0  9996
2 46962  86.3141  15.5691 0071408   2.4567  54.4214 14.65104756621405
1 46963U 97051ABV 23058.71403870  .00082494  00000-0  17535-1 0  9997
2 46963  86.2894  53.8578 0046080 140.1497 220.3111 14.57916406568289
1 46964U 97051ABW 23310.12134030  .00169191  00000-0  15572-1 0  9992
2 46964  86.2433 245.3386 0032971 128.9701 231.4473 14.93467317627169
1 46965U 97051ABX 23330.93223575  .00005964  00000-0  14888-2 0  9994
2 46965  86.3356 309.2730 0021581 330.7752  58.9136 14.51318339514012
1 46966U 97051ABY 23079.66215551  .00040061  00000-0  12080-1 0  9998
2 46966  86.4226 223.0217 0112691  71.1480 290.1898 14.38648404572024
1 46967U 97051ABZ 23120.68932245  .00071675  00000-0  46308-2 0  9990
2 46967  86.2238 275.1287 0017856 157.9005 202.3005 15.07780883603029
1 46968U 97051ACA 22073.25558646  .00239191  00000-0  70768-2 0  9995
2 46968  86.2560  75.4094 0016816  97.5994 262.7167 15.33813898312473
1 46969U 97051ACB 21353.13937548  .00065856  00000-0  40531-2 0  9995
2 46969  86.2227 147.6354 0012533 318.6924  41.3364 15.09658516417896
1 46970U 97051ACC 22118.59237359  .00148444  00000-0  10574-1 0  9998
2 46970  86.1999  72.2070 0026318 107.6890  14.9601 15.03613404453649
1 46971U 97051ACD 23333.24885712  .00015696  00000-0  32114-2 0  9990
2 46971  86.3397 310.8979 0016399 357.5030  61.4731 14.60644799532454
1 46972U 97051ACE 23332.39456199  .00003285  00000-0  94020-3 0  9995
2 46972  86.3918 358.5991 0011630  74.4562 349.5623 14.44771266507886
1 46973U 97051ACF 23326.74232680  .00078669  00000-0  20352-1 0  9998
2 46973  86.3684 131.0149 0133590 225.2993 133.7268 14.44206887491792
1 46974U 97051ACG 23330.01168654  .00026590  00000-0  10825-1 0  9993
2 46974  86.3093  65.2992 0126726 100.0940 261.4574 14.23047961467971
1 46975U 97051ACH 23109.09774213  .00163615  00000-0  13865-1 0  9997
2 46975  86.3823  53.2661 0017978  32.7406 338.3206 14.97021274455387
1 46976U 97051ACJ 23319.96445666  .00012404  00000-0  48436-2 0  9996
2 46976  86.4490 197.4631 0164716  56.9525   4.9585 14.22350188509079
1 46977U 97051ACK 23019.23954967  .00020837  00000-0  49676-2 0  9999
2 46977  86.1726  10.6160 0037374  12.1803 348.0297 14.53207203435549
1 46978U 97051ACL 23114.82412623  .00051930  00000-0  64900-2 0  9994
2 46978  86.2292 316.1707 0032898  79.6495 292.2081 14.81697102593459
1 46979U 97051ACM 23330.43237300  .00017978  00000-0  50320-2 0  9994
2 46979  86.3550  20.6481 0059405 266.6175  92.8230 14.44975609244992
1 46980U 97051ACN 22216.19652418  .00002016  00000-0  50086-3 0  9999
2 46980  86.3848 192.2850 0010496  25.7503 334.4222 14.51340114409956
1 46981U 97051ACP 22265.59664413  .00008226  00000-0  24108-2 0  9990
2 46981  86.3128 210.4963 0110111  70.4223  55.0665 14.40281876429087
1 46982U 97051ACQ 23173.26300081  .00046654  00000-0  42578-2 0  9990
2 46982  86.3732   2.6663 0007814 220.6170  70.0607 14.94842421349927
1 46983U 97051ACR 23198.37003194  .00421175  00000-0  95302-2 0  9993
2 46983  86.3485 346.1960 0012075 254.9169 105.0750 15.41466922493460
1 56726U 23068S   23333.29700834  .00000967  00000-0  27969-3 0  9990
2 56726  86.8641  66.6113 0003122  85.1056 275.0502 14.43587631 28156
1 56727U 23068T   23333.31307670  .00003133  00000-0  40837-3 0  9992
2 56727  86.1999  50.7180 0002145  92.0290 268.1177 14.80271532 28663
1 56728U 23068U   23333.98361683  .00003219  00000-0  41967-3 0  9990
2 56728  86.2001  50.4870 0002151  99.5377 260.6087 14.80277250 28768
1 56729U 23068V   23333.43748146  .00003219  00000-0  41970-3 0  9998
2 56729  86.5804  58.6949 0002112  93.8586 266.2877 14.80278308 28681
1 56730U 23068W   23334.17562479  .00003344  00000-0  43610-3 0  9997
2 56730  86.6809  59.9942 0002191 103.9122 256.2343 14.80286157 28792
1 57002U 97082T   23298.94634205  .00132325  00000-0  13882-1 0  9996
2 57002  86.3838  12.1682 0008740 289.9796  70.0488 14.88792400473892
1 57003U 97082U   23332.76011519  .00048292  00000-0  13177-1 0  9999
2 57003  86.2780 339.8172 0082962 284.0707  75.1283 14.45035565439545
