1 44057U 19010A   23259.49685575 -.00000098  00000-0 -29014-3 0  9999
2 44057  87.8997  68.7743 0002730  99.8782 260.2658 13.16594656219366
1 44058U 19010B   23259.52217131 -.00000234  00000-0 -64619-3 0  9995
2 44058  87.8997  68.7554 0002351  80.5744 279.5653 13.16595053219417
1 44059U 19010C   23259.54751767  .00000141  00000-0  33465-3 0  9996
2 44059  87.9000  68.7432 0001440  96.1190 264.0105 13.16600424219538
1 44060U 19010D   23259.54542683  .00000184  00000-0  45580-3 0  9991
2 44060  87.8951  99.2264 0002130  90.2073 269.9301 13.15550908219282
1 44061U 19010E   23259.53272565  .00000073  00000-0  16098-3 0  9999
2 44061  87.8939  99.2317 0002061  83.4401 276.6964 13.15545797219336
1 44062U 19010F   23259.59611330 -.00000065  00000-0 -20754-3 0  9990
2 44062  87.8940  99.2198 0001557  95.3791 264.7517 13.15550848219334
1 45131U 20008A   23259.55811805 -.00000720  00000-0 -21285-2 0  9999
2 45131  87.9096 254.3898 0002175 115.6742 244.4610 13.09386053174590
1 45132U 20008B   23259.44090244 -.00000189  00000-0 -57820-3 0  9998
2 45132  87.8837 235.7970 0002141  80.2641 279.8729 13.10368949176361
1 45133U 20008C   23259.48641775 -.00000078  00000-0 -26028-3 0  9997
2 45133  87.8831 235.7736 0001861  77.1080 283.0255 13.10356810176765
1 45134U 20008D   23259.50105064 -.00000110  00000-0 -35254-3 0  9995
2 45134  87.8836 235.7734 0002098  85.3627 274.7740 13.10375691177079
1 45135U 20008E   23259.67881286 -.00002432  00000-0 -70029-2 0  9998
2 45135  87.8839 235.7564 0001902  68.9037 291.2293 13.10395733177547
1 45136U 20008F   23259.43766150 -.00000337  00000-0 -10022-2 0  9994
2 45136  87.8839 235.7799 0001433  91.5543 268.5748 13.10375202176495
1 45137U 20008G   23259.48480714  .00000665  00000-0  18699-2 0  9999
2 45137  87.8738 235.8086 0002102  84.3691 275.7676 13.10376037176668
1 45138U 20008H   23259.50267158 -.00000145  00000-0 -45179-3 0  9997
2 45138  87.8838 235.7755 0002119 100.1860 259.9507 13.10375526176990
1 45139U 20008J   23259.63423896 -.00113148  00000-0 -32448+0 0  9994
2 45139  87.8906 220.5932 0001962  88.1511 271.9842 13.11147213180339
1 45140U 20008K   23259.43810834  .00000235  00000-0  62843-3 0  9992
2 45140  87.8938 220.6823 0002243  96.2850 263.8534 13.11258597176932
1 45141U 20008L   23259.44253840 -.00000179  00000-0 -54964-3 0  9996
2 45141  87.8840 235.8294 0002096  85.8405 274.2962 13.10374292176718
1 45142U 20008M   23259.49293328  .00000128  00000-0  33098-3 0  9994
2 45142  87.8833 235.8263 0002062  76.3200 283.8157 13.10374178176634
1 45143U 20008N   23259.44905002  .00000159  00000-0  41922-3 0  9998
2 45143  87.8838 235.8095 0002032  80.3134 279.8223 13.10374157176356
1 45144U 20008P   23259.43930716 -.00000289  00000-0 -86510-3 0  9996
2 45144  87.8840 235.7716 0001753  85.8788 274.2539 13.10370224176780
1 45145U 20008Q   23259.40334782 -.00000019  00000-0 -89653-4 0  9998
2 45145  87.8949 220.6414 0002649  95.6651 264.4779 13.11419672178637
1 45146U 20008R   23259.64889180 -.00000058  00000-0 -20122-3 0  9990
2 45146  87.8827 235.7509 0001792  98.2346 261.8985 13.10374586177387
1 45147U 20008S   23259.48968259  .00000252  00000-0  68431-3 0  9997
2 45147  87.8834 235.7660 0001935  87.1357 272.9992 13.10373375176286
1 45148U 20008T   23259.38848315  .00000083  00000-0  11073-3 0  9999
2 45148  87.9417 212.5329 0015931 228.3095 131.6691 13.48413072182632
1 45149U 20008U   23259.49128864 -.00000325  00000-0 -96680-3 0  9990
2 45149  87.8828 235.7876 0001849 102.5826 257.5508 13.10368493176600
1 45150U 20008V   23259.44418084 -.00000042  00000-0 -15610-3 0  9993
2 45150  87.8835 235.7959 0001986  96.3381 263.7973 13.10371415176894
1 45151U 20008W   23259.63858662 -.00002153  00000-0 -61111-2 0  9996
2 45151  87.8933 220.5916 0002268  80.9180 279.2204 13.11430659179528
1 45152U 20008X   23259.43606168 -.00000460  00000-0 -13553-2 0  9993
2 45152  87.8836 235.7984 0002032  83.9173 276.2186 13.10369667176610
1 45153U 20008Y   23259.50754705 -.00000586  00000-0 -17146-2 0  9994
2 45153  87.8834 235.7937 0001857  85.6314 274.5026 13.10371859176235
1 45154U 20008Z   23259.43281254 -.00000532  00000-0 -15592-2 0  9995
2 45154  87.8840 235.7775 0001674  85.8091 274.3228 13.10370495176444
1 45155U 20008AA  23259.40758005  .00000263  00000-0  70624-3 0  9993
2 45155  87.8941 220.6699 0002092  76.6528 283.4833 13.11418655179395
1 45156U 20008AB  23259.42956756 -.00000524  00000-0 -15365-2 0  9991
2 45156  87.8839 235.7621 0001186 100.9042 259.2219 13.10369977176352
1 45157U 20008AC  23259.48805983  .00000393  00000-0  10889-2 0  9991
2 45157  87.8829 235.8042 0001847  88.0879 272.0460 13.10370828176334
1 45158U 20008AD  23259.67648661 -.00000030  00000-0 -12330-3 0  9995
2 45158  87.8835 235.7540 0001892  83.3707 276.7636 13.10373122177238
1 45159U 20008AE  23259.50430355 -.00000554  00000-0 -16238-2 0  9998
2 45159  87.8832 235.7835 0001828  87.5554 272.5782 13.10370233176604
1 45160U 20008AF  23259.43443608 -.00000503  00000-0 -14779-2 0  9999
2 45160  87.8836 235.7903 0002158  91.0876 269.0499 13.10370914176769
1 45161U 20008AG  23259.49780846 -.00000418  00000-0 -12346-2 0  9997
2 45161  87.8836 235.8221 0001935  85.2180 274.9168 13.10369091176840
1 45162U 20008AH  23259.49455550  .00000010  00000-0 -67835-5 0  9992
2 45162  87.8828 235.7962 0002062  84.4273 275.7089 13.10374658176744
1 45163U 20008AJ  23259.44579930  .00000023  00000-0  29353-4 0  9992
2 45163  87.8835 235.7936 0001813  82.6625 277.4708 13.10373078176605
1 45164U 20008AK  23259.49941297 -.00000574  00000-0 -16802-2 0  9993
2 45164  87.8835 235.7773 0001861  89.1016 271.0325 13.10369964176305
1 45424U 20020A   23259.39273886 -.00000312  00000-0 -91671-3 0  9995
2 45424  87.8946 220.6526 0002528  82.2906 277.8509 13.11418445170985
1 45425U 20020B   23259.64600544 -.00003343  00000-0 -94686-2 0  9994
2 45425  87.8941 220.5772 0002107  84.1403 275.9965 13.11438255171087
1 45426U 20020C   23259.44360781 -.00000039  00000-0 -14461-3 0  9992
2 45426  87.8945 220.6447 0002385  81.2938 278.8460 13.11415280171019
1 45427U 20020D   23259.45967339 -.00000499  00000-0 -14403-2 0  9991
2 45427  87.8940 220.6221 0002295  78.5827 281.5559 13.11578623170987
1 45428U 20020E   23259.41606263  .00000766  00000-0  21255-2 0  9992
2 45428  87.8944 220.6311 0002013  84.5225 275.6133 13.11416357170931
1 45429U 20020F   23259.39697696 -.00000181  00000-0 -54646-3 0  9994
2 45429  87.8944 220.6544 0002205  85.6138 274.5242 13.11418395171044
1 45430U 20020G   23259.46267625 -.00000524  00000-0 -15157-2 0  9993
2 45430  87.8937 220.6343 0002237  78.5829 281.5550 13.11416735170986
1 45431U 20020H   23259.43513592  .00000398  00000-0  10868-2 0  9999
2 45431  87.8940 220.6332 0001833  79.1976 280.9358 13.11414873170968
1 45432U 20020J   23259.36633839  .00000037  00000-0  62659-4 0  9996
2 45432  87.9152 205.5404 0001819  70.9639 289.1689 13.17651087174032
1 45433U 20020K   23259.43303229  .00000692  00000-0  19153-2 0  9998
2 45433  87.8934 220.6536 0002124  69.8707 290.2649 13.11414308170994
1 45434U 20020L   23259.46478637 -.00000455  00000-0 -13206-2 0  9990
2 45434  87.8947 220.6347 0002121  85.5462 274.5909 13.11417623170941
1 45435U 20020M   23259.45420183 -.00000434  00000-0 -12591-2 0  9996
2 45435  87.8935 220.6242 0001906  79.4601 280.6741 13.11415646170989
1 45436U 20020N   23259.67891322  .00017495  00000-0  49070-1 0  9992
2 45436  87.8945 220.6152 0002180  46.9361 313.1949 13.11644504171023
1 45437U 20020P   23259.41182127  .00000406  00000-0  11093-2 0  9990
2 45437  87.8943 220.6448 0001726  79.5804 280.5519 13.11418008171094
1 45438U 20020Q   23259.44784350 -.00000194  00000-0 -58451-3 0  9996
2 45438  87.8937 220.6475 0002176  79.6768 280.4605 13.11415419170983
1 45439U 20020R   23259.45632088 -.00016971  00000-0 -47949-1 0  9996
2 45439  87.8934 220.6207 0002511  78.7408 281.4002 13.11501046170982
1 45440U 20020S   23259.43938339  .00000217  00000-0  57718-3 0  9995
2 45440  87.8936 220.6192 0001919  84.9522 275.1825 13.11414931171009
1 45441U 20020T   23259.91667824 -.00005987  00000-0 -17322-1 0  9993
2 45441  87.8945 220.5359 0002049  89.1243  71.3300 13.09873973171046
1 45442U 20020U   23259.44148486  .00000083  00000-0  19841-3 0  9990
2 45442  87.8943 220.6416 0002266  78.7724 281.3658 13.11415252170952
1 45443U 20020V   23259.42771208  .00000561  00000-0  15462-2 0  9998
2 45443  87.8945 220.6485 0002097  79.7512 280.3852 13.11413767170920
1 45444U 20020W   23259.40122053 -.00001003  00000-0 -28671-2 0  9995
2 45444  87.8937 220.6400 0002318  82.6630 277.4761 13.11412174170982
1 45445U 20020X   23259.64813252  .00000471  00000-0  12923-2 0  9999
2 45445  87.8943 220.5969 0002070  87.0301 273.1063 13.11421501171004
1 45446U 20020Y   23259.39378415 -.00000352  00000-0 -10282-2 0  9995
2 45446  87.8938 220.6389 0002370  84.9895 275.1504 13.11415648170908
1 45447U 20020Z   23259.46690960 -.00000888  00000-0 -25429-2 0  9999
2 45447  87.8937 220.6364 0002451  77.4275 282.7127 13.11418594170920
1 45448U 20020AA  23259.42030375  .00002904  00000-0  81556-2 0  9996
2 45448  87.8943 220.6415 0001835  87.1860 272.9478 13.11405229171009
1 45449U 20020AB  23259.39484824 -.00000550  00000-0 -15880-2 0  9999
2 45449  87.8944 220.6467 0002042  73.7454 286.3898 13.11418572170840
1 45450U 20020AC  23259.36529358  .00000129  00000-0  29980-3 0  9997
2 45450  87.9172 205.5591 0002015  81.5563 278.5796 13.17650211173986
1 45451U 20020AD  23259.42877895  .00000559  00000-0  15417-2 0  9993
2 45451  87.8940 220.6298 0002129  89.2484 270.8888 13.11414840170898
1 45452U 20020AE  23259.65978952  .00000501  00000-0  13788-2 0  9991
2 45452  87.8946 220.5699 0002160  79.9172 280.2200 13.11413866171020
1 45453U 20020AF  23259.53771622  .00002737  00000-0  22218-3 0  9996
2 45453  87.9961  98.3658 0024256 349.2476  10.8235 14.99053609190595
1 45454U 20020AG  23259.37405978 -.00049364  00000-0 -14083+0 0  9993
2 45454  87.8936 220.6450 0002393 111.2975 248.8408 13.11040413170894
1 45455U 20020AH  23259.45738235 -.00000519  00000-0 -15002-2 0  9992
2 45455  87.8936 220.6290 0002052  83.4911 276.6451 13.11411885170868
1 45456U 20020AJ  23259.39908905  .00000230  00000-0  61316-3 0  9997
2 45456  87.8944 220.6422 0002297  92.5798 267.5593 13.11418206170916
1 45457U 20020AK  23259.45208676 -.00000330  00000-0 -96556-3 0  9990
2 45457  87.8938 220.6125 0001991  85.5123 274.6232 13.11416077170850
1 47258U 20100A   23259.32857127  .00000568  00000-0  15437-2 0  9996
2 47258  87.9064 190.4363 0002225  69.3431 290.7936 13.12442724132928
1 47259U 20100B   23259.33915690  .00000571  00000-0  15525-2 0  9990
2 47259  87.9001 190.4330 0001991  75.9453 284.1896 13.12444183132754
1 47260U 20100C   23259.36244506 -.00000088  00000-0 -28116-3 0  9992
2 47260  87.9066 190.4114 0002154  73.3351 286.8014 13.12443033132921
1 47261U 20100D   23259.31796707  .00000019  00000-0  16756-4 0  9993
2 47261  87.9079 190.4077 0002007  73.5497 286.5852 13.12445983132758
1 47262U 20100E   23259.73092235  .00000370  00000-0  99373-3 0  9990
2 47262  87.9064 190.3493 0001949  58.1719 301.9599 13.12441218132762
1 47263U 20100F   23259.34126040  .00000539  00000-0  14626-2 0  9994
2 47263  87.8999 190.4429 0001958  75.6786 284.4560 13.12444303132724
1 47264U 20100G   23259.75422514 -.00000375  00000-0 -10785-2 0  9997
2 47264  87.9063 190.3149 0001445  59.6800 300.4471 13.12443338132970
1 47265U 20100H   23259.70550525  .00000085  00000-0  20027-3 0  9994
2 47265  87.9064 190.3615 0002069  75.3917 284.7441 13.12446667132943
1 47266U 20100J   23259.35502471  .00000310  00000-0  82538-3 0  9999
2 47266  87.9067 190.4198 0001843  71.3474 288.7855 13.12438333132929
1 47267U 20100K   23259.33704272  .00000637  00000-0  17347-2 0  9998
2 47267  87.9064 190.4241 0002078  78.8499 281.2863 13.12443374132834
1 47268U 20100L   23259.33068452  .00000459  00000-0  12417-2 0  9997
2 47268  87.9065 190.4288 0002098  71.1772 288.9584 13.12444725132744
1 47269U 20100M   23259.32645147  .00000336  00000-0  89990-3 0  9994
2 47269  87.9066 190.4354 0001974  74.7462 285.3885 13.12443866132882
1 47270U 20100N   23259.31373991  .00000794  00000-0  21707-2 0  9999
2 47270  87.9064 190.4342 0002209  81.4506 278.6873 13.12440633132763
1 47271U 20100P   23259.36668160  .00001147  00000-0  31534-2 0  9992
2 47271  87.8994 190.4302 0002041  79.3249 280.8109 13.12442243132839
1 47272U 20100Q   23259.31691143 -.00000020  00000-0 -89678-4 0  9990
2 47272  87.8993 190.4317 0002018  71.1891 288.9456 13.12441908132899
1 47273U 20100R   23259.35610139  .00000172  00000-0  44251-3 0  9994
2 47273  87.9066 190.4182 0001949  73.1381 286.9961 13.12441297132924
1 47274U 20100S   23259.30102645 -.00000269  00000-0 -78397-3 0  9995
2 47274  87.9072 190.4147 0002348  72.6950 287.4435 13.12443547132936
1 47275U 20100T   23259.35820118  .00000108  00000-0  26535-3 0  9990
2 47275  87.9016 190.4395 0002187  28.5471 331.5777 13.12440537132878
1 47276U 20100U   23259.76481098 -.00000358  00000-0 -10308-2 0  9995
2 47276  87.9000 190.3495 0002056  75.8867 284.2490 13.12440654132899
1 47277U 20100V   23259.30526758 -.00000287  00000-0 -83264-3 0  9992
2 47277  87.9079 190.4047 0002121  78.0480 282.0886 13.12443586132879
1 47278U 20100W   23259.33490099  .00000517  00000-0  14004-2 0  9993
2 47278  87.9080 190.4013 0001936  83.4832 276.6517 13.12445953132778
1 47279U 20100X   23259.35186331  .00000348  00000-0  93270-3 0  9992
2 47279  87.9066 190.4241 0002042  78.1251 282.0106 13.12441702132932
1 47280U 20100Y   23259.32009403 -.00001334  00000-0 -37436-2 0  9994
2 47280  87.9066 190.4191 0002076  74.7657 285.3701 13.12450460132902
1 47281U 20100Z   23259.28832352 -.00000198  00000-0 -58661-3 0  9998
2 47281  87.9065 190.4279 0002085  73.5249 286.6109 13.12442269132929
1 47282U 20100AA  23259.30950010 -.00000244  00000-0 -71492-3 0  9993
2 47282  87.8999 190.4457 0002498  64.6326 295.5061 13.12444576132859
1 47283U 20100AB  23259.72670280  .00000464  00000-0  12532-2 0  9999
2 47283  87.9065 190.3469 0001889  71.6092 288.5242 13.12444010132810
1 47284U 20100AC  23259.32220774  .00000139  00000-0  35164-3 0  9991
2 47284  87.9065 190.4375 0002035  72.8659 287.2692 13.12442206132847
1 47285U 20100AD  23259.37091421 -.00000268  00000-0 -78017-3 0  9991
2 47285  87.9006 190.4388 0002134  74.2720 285.8644 13.12444641132927
1 47286U 20100AE  23259.54457093  .00000058  00000-0  12532-3 0  9997
2 47286  87.9066 190.3685 0002301  73.8373 286.3009 13.12442449132912
1 47287U 20100AF  23259.33808845  .00000537  00000-0  14585-2 0  9991
2 47287  87.9064 190.4065 0001619  79.2103 280.9208 13.12444915132872
1 47288U 20100AG  23259.32961701  .00000436  00000-0  11753-2 0  9994
2 47288  87.8933 190.4264 0001887  69.1231 291.0099 13.12440494132863
1 47289U 20100AH  23259.74150179  .00000111  00000-0  27259-3 0  9999
2 47289  87.9064 190.3384 0001956  77.6489 282.4858 13.12443943132890
1 47290U 20100AJ  23259.33279078  .00000486  00000-0  13159-2 0  9994
2 47290  87.8996 190.4197 0002066  62.3417 297.7921 13.12445115132762
1 47291U 20100AK  23259.30314173 -.00000340  00000-0 -98000-3 0  9998
2 47291  87.9063 190.4316 0001960  72.3647 287.7696 13.12443905132954
1 47292U 20100AL  23259.37513539 -.00000521  00000-0 -14833-2 0  9995
2 47292  87.9075 190.4491 0002024  91.3042 268.8318 13.12443387132870
1 47293U 20100AM  23259.34338590  .00000519  00000-0  14076-2 0  9999
2 47293  87.9065 190.4089 0002341  68.7149 291.4230 13.12441721132764
1 48042U 21025A   23259.24056622  .00000214  00000-0  55023-3 0  9991
2 48042  87.9078 160.1758 0001942  79.2124 280.9224 13.13473285121679
1 48043U 21025B   23259.71034529  .00000338  00000-0  88957-3 0  9995
2 48043  87.9081 160.0692 0001964  73.6849 286.4496 13.13469097121708
1 48044U 21025C   23259.22999291 -.00000038  00000-0 -13971-3 0  9991
2 48044  87.9074 160.1554 0001900  69.8033 290.3301 13.13472861121624
1 48045U 21025D   23259.22788682 -.00000070  00000-0 -22755-3 0  9998
2 48045  87.9081 160.1654 0001933  73.6432 286.4909 13.13472657121584
1 48046U 21025E   23259.27020148  .00000217  00000-0  55885-3 0  9991
2 48046  87.9078 160.1276 0001911  83.5478 276.5869 13.13467911121736
1 48047U 21025F   23259.24269359  .00000866  00000-0  23358-2 0  9997
2 48047  87.9077 160.1574 0001904  78.1362 281.9981 13.13468951121629
1 48048U 21025G   23259.70188969  .00000057  00000-0  12022-3 0  9995
2 48048  87.9079 160.0649 0001675  63.7896 296.3405 13.13472967121668
1 48049U 21025H   23259.28502830 -.00000187  00000-0 -54753-3 0  9999
2 48049  87.9078 160.1568 0001989  69.8451 290.2892 13.13468290121589
1 48050U 21025J   23259.26174549  .00000355  00000-0  93751-3 0  9997
2 48050  87.9021 160.1870 0001979  78.9726 281.1626 13.13471879121660
1 48051U 21025K   23259.24904873  .00000369  00000-0  97669-3 0  9994
2 48051  87.9080 160.1527 0001782  75.0296 285.1031 13.13468028121674
1 48052U 21025L   23259.25961865  .00000387  00000-0  10245-2 0  9994
2 48052  87.9007 160.1687 0001788  74.5052 285.6274 13.13469662121658
1 48053U 21025M   23259.23209877  .00000019  00000-0  17221-4 0  9996
2 48053  87.9073 160.1561 0001815  68.0211 292.1111 13.13467879121582
1 48054U 21025N   23259.27232559  .00000137  00000-0  34027-3 0  9997
2 48054  87.9002 160.1728 0001942  83.3453 276.7897 13.13472210121718
1 48055U 21025P   23259.29558097 -.00000194  00000-0 -56738-3 0  9996
2 48055  87.9081 160.1474 0001701  67.8706 292.2604 13.13468773121656
1 48056U 21025Q   23259.71458847  .00000294  00000-0  77096-3 0  9995
2 48056  87.9079 160.0635 0001758  74.1605 285.9717 13.13471716121669
1 48057U 21025R   23259.27867152 -.00000001  00000-0 -38741-4 0  9993
2 48057  87.9082 160.1555 0001883  74.3511 285.7826 13.13472231121766
1 48058U 21025S   23259.29981826 -.00000241  00000-0 -69354-3 0  9990
2 48058  87.9082 160.1497 0001428  75.4479 284.6808 13.13473075121576
1 48059U 21025T   23259.26386098  .00000395  00000-0  10476-2 0  9996
2 48059  87.9078 160.1651 0001031  61.8974 298.2259 13.13471109121693
1 48060U 21025U   23259.28078878 -.00000056  00000-0 -18960-3 0  9997
2 48060  87.9077 160.1588 0002345 100.2813 259.8580 13.13470221121641
1 48061U 21025V   23259.26598689  .00000469  00000-0  12503-2 0  9995
2 48061  87.9086 160.1513 0001780  65.1330 294.9984 13.13469865121768
1 48062U 21025W   23259.25539552  .00000456  00000-0  12150-2 0  9993
2 48062  87.9010 160.1610 0001549  73.8499 286.2800 13.13467229121683
1 48063U 21025X   23259.23635559  .00000169  00000-0  42902-3 0  9996
2 48063  87.9081 160.1527 0002059  74.4819 285.6538 13.13472994121663
1 48064U 21025Y   23259.26703614  .00000285  00000-0  74622-3 0  9991
2 48064  87.9083 160.1555 0001796  67.2201 292.9117 13.13471628121655
1 48065U 21025Z   23259.28925113 -.00000254  00000-0 -72934-3 0  9996
2 48065  87.9080 160.1452 0001625  73.6123 286.5184 13.13469277121733
1 48066U 21025AA  23259.29135361  .00000212  00000-0  54460-3 0  9992
2 48066  87.9082 160.1522 0002140  74.3977 285.7388 13.13465866121672
1 48067U 21025AB  23259.22152108 -.00000191  00000-0 -55717-3 0  9998
2 48067  87.9082 160.1646 0002285  82.5436 277.5952 13.13468232121622
1 48068U 21025AC  23259.28289002 -.00000179  00000-0 -52526-3 0  9990
2 48068  87.9007 160.1758 0001721  74.0288 286.1031 13.13468095121642
1 48069U 21025AD  23259.73361231  .00000040  00000-0  74508-4 0  9996
2 48069  87.9010 160.1013 0002053  60.3371 299.7962 13.13467945121940
1 48070U 21025AE  23259.76748142 -.00000028  00000-0 -11096-3 0  9991
2 48070  87.9076 160.0725 0002051  71.4443 288.6909 13.13469732121768
1 48071U 21025AF  23259.29243440 -.00000165  00000-0 -48807-3 0  9993
2 48071  87.9077 160.1356 0002132  67.3307 292.8047 13.13468923122597
1 48072U 21025AG  23259.73148827  .00000192  00000-0  49024-3 0  9996
2 48072  87.9074 160.0640 0001523  73.2723 286.8573 13.13473613121971
1 48073U 21025AH  23259.22575415 -.00000335  00000-0 -95157-3 0  9997
2 48073  87.9080 160.1569 0002297  74.7896 285.3487 13.13471852121562
1 48074U 21025AJ  23259.23847264  .00000180  00000-0  45903-3 0  9993
2 48074  87.9080 160.1582 0001903  55.9609 304.1700 13.13471924121753
1 48075U 21025AK  23259.25645221  .00000444  00000-0  11822-2 0  9990
2 48075  87.9075 160.1612 0001777  65.0266 295.1048 13.13468504121802
1 48076U 21025AL  23259.29348239 -.00000260  00000-0 -74742-3 0  9993
2 48076  87.9081 160.1469 0001775  81.2833 278.8498 13.13472113121738
1 48077U 21025AM  23259.24692474  .00000334  00000-0  88055-3 0  9994
2 48077  87.9083 160.1577 0001562  83.5878 276.5429 13.13472538120389
1 48210U 21031A   23259.57567704  .00000038  00000-0  68994-4 0  9995
2 48210  87.8993 129.6853 0001750  78.7038 281.4289 13.14503068116330
1 48211U 21031B   23259.55029519  .00000286  00000-0  73682-3 0  9995
2 48211  87.9004 129.6706 0002868  72.3847 287.7596 13.14505067116309
1 48212U 21031C   23259.59471050 -.00000157  00000-0 -45820-3 0  9993
2 48212  87.9005 129.6567 0001625  68.2748 291.8554 13.14501637116354
1 48213U 21031D   23259.55241627  .00000267  00000-0  68460-3 0  9990
2 48213  87.9004 129.6680 0001664  68.6740 291.4567 13.14501147116232
1 48214U 21031E   23259.57356998  .00000122  00000-0  29358-3 0  9994
2 48214  87.9005 129.6653 0002843  62.6339 297.5080 13.14504728116394
1 48215U 21031F   23259.56300435  .00000254  00000-0  65055-3 0  9999
2 48215  87.8998 129.7077 0001646  73.7920 286.3391 13.14501227116397
1 48216U 21031G   23259.16760745  .00000190  00000-0  47788-3 0  9992
2 48216  87.8996 129.7946 0002095  65.3846 294.7501 13.14500296116452
1 48217U 21031H   23259.71309523  .00000297  00000-0  76705-3 0  9996
2 48217  87.8995 129.6652 0001984  60.6841 299.4486 13.14506093116268
1 48218U 21031J   23259.15914892  .00000205  00000-0  51900-3 0  9995
2 48218  87.8995 129.7697 0001901  73.7659 286.3680 13.14503690116193
1 48219U 21031K   23259.58835053 -.00000146  00000-0 -42817-3 0  9997
2 48219  87.8997 129.7040 0001621  73.8815 286.2493 13.14501127116343
1 48220U 21031L   23259.54081015  .00000085  00000-0  19472-3 0  9997
2 48220  87.8994 129.6882 0001552  69.1522 290.9774 13.14501458116263
1 48221U 21031M   23259.59153204 -.00000154  00000-0 -44951-3 0  9992
2 48221  87.8996 129.7068 0001705  72.8313 287.3004 13.14500946116281
1 48222U 21031N   23259.56510775  .00000237  00000-0  60438-3 0  9998
2 48222  87.9038 129.6686 0001891  73.5817 286.5520 13.14505767116198
1 48223U 21031P   23259.54607394  .00000242  00000-0  61959-3 0  9996
2 48223  87.8994 129.6915 0001649  68.6789 291.4517 13.14502005116393
1 48224U 21031Q   23259.37270358 -.00000128  00000-0 -37907-3 0  9995
2 48224  87.8995 129.7458 0002564  57.2525 302.8851 13.14500850116357
1 48225U 21031R   23259.17830872  .00000274  00000-0  70461-3 0  9999
2 48225  87.8998 129.7965 0001364  95.5808 264.5478 13.14504655116222
1 48226U 21031S   23259.61162768 -.00000039  00000-0 -13866-3 0  9998
2 48226  87.8994 129.6797 0001761  67.5247 292.6069 13.14501379116305
1 48227U 21031T   23259.58413411 -.00000084  00000-0 -26232-3 0  9990
2 48227  87.9004 129.6694 0001489  70.4977 289.6314 13.14502667116248
1 48228U 21031U   23259.57779947  .00000028  00000-0  41475-4 0  9992
2 48228  87.8862 129.7054 0001590  71.7270 288.4033 13.14501946116451
1 48229U 21031V   23259.59046604 -.00000167  00000-0 -48504-3 0  9997
2 48229  87.8997 129.6576 0001758  72.2623 287.8699 13.14501376116406
1 48230U 21031W   23259.56720354  .00000160  00000-0  39780-3 0  9994
2 48230  87.8998 129.7342 0001858  73.4779 286.6555 13.14505263116257
1 48231U 21031X   23259.15067022  .00000018  00000-0  15332-4 0  9996
2 48231  87.8997 129.8165 0001648  73.6878 286.4433 13.14500220116105
1 48232U 21031Y   23259.56933101  .00000196  00000-0  49291-3 0  9999
2 48232  87.9002 129.7010 0001553  65.4218 294.7073 13.14500678116428
1 48233U 21031Z   23259.14221678 -.00000070  00000-0 -22276-3 0  9990
2 48233  87.8997 129.7984 0001766  69.3589 290.7730 13.14505421116327
1 48234U 21031AA  23259.65814643 -.00000053  00000-0 -17755-3 0  9994
2 48234  87.8996 129.6679 0001748  70.7961 289.3357 13.14501196116297
1 48235U 21031AB  23259.57146177  .00000142  00000-0  34900-3 0  9994
2 48235  87.8998 129.6839 0002084  81.9098 278.2268 13.14502727116296
1 48236U 21031AC  23259.55862034  .00000294  00000-0  75762-3 0  9999
2 48236  87.8995 129.6955 0001500  81.8029 278.3271 13.14501245116208
1 48237U 21031AD  23259.67927462 -.00000109  00000-0 -32911-3 0  9996
2 48237  87.8994 129.6606 0002034  85.9304 274.2058 13.14505173116397
1 48238U 21031AE  23259.62008874  .00000185  00000-0  46426-3 0  9997
2 48238  87.8994 129.6819 0001945  71.8992 288.2349 13.14505611116330
1 48239U 21031AF  23259.70678241  .00000535  00000-0  14085-2 0  9992
2 48239  87.9004 129.6442 0001926  77.0583 283.0761 13.14503790116202
1 48240U 21031AG  23259.45622840 -.00000057  00000-0 -18804-3 0  9995
2 48240  87.9002 129.6949 0001893  65.2248 294.9078 13.14502183116155
1 48241U 21031AH  23259.14752721  .00000028  00000-0  41536-4 0  9999
2 48241  87.8995 129.7953 0001720  73.3893 286.7426 13.14501749116341
1 48242U 21031AJ  23259.57885539  .00000016  00000-0  83191-5 0  9992
2 48242  87.8998 129.6770 0001492  75.9215 284.2081 13.14501817116316
1 48243U 21031AK  23259.70888511  .00000340  00000-0  88203-3 0  9998
2 48243  87.8995 129.6682 0001864  68.4092 291.7236 13.14500874116349
1 48244U 21031AL  23259.59681152 -.00000158  00000-0 -46037-3 0  9996
2 48244  87.9005 129.6778 0001875  67.4048 292.7280 13.14505892116256
1 48245U 21031AM  23259.68985304  .00000143  00000-0  35167-3 0  9997
2 48245  87.9005 129.6447 0002030  66.2422 293.8921 13.14505116116227
1 48767U 21045A   23259.60669015  .00000103  00000-0  24055-3 0  9991
2 48767  87.8941  99.2107 0001748  81.2005 278.9323 13.15549615113464
1 48768U 21045B   23259.62780295  .00000161  00000-0  39234-3 0  9997
2 48768  87.8939  99.2114 0002142  79.3959 280.7412 13.15549961113469
1 48769U 21045C   23259.60035208  .00000103  00000-0  24009-3 0  9993
2 48769  87.8949  99.2822 0001941  80.2486 279.8863 13.15552029113692
1 48770U 21045D   23259.58979157  .00000004  00000-0 -22794-4 0  9993
2 48770  87.8948  99.2019 0002289  88.0114 272.1278 13.15547395112304
1 48771U 21045E   23259.56231598  .00000113  00000-0  26557-3 0  9992
2 48771  87.8942  99.2386 0002575  91.0420 269.1005 13.15549793112294
1 48772U 21045F   23259.78415038  .00000153  00000-0  37235-3 0  9999
2 48772  87.8941  99.1851 0001928  87.9223 272.2128 13.15554893113497
1 48773U 21045G   23259.61934293  .00000208  00000-0  51907-3 0  9994
2 48773  87.8950  99.2390 0002142  72.5907 287.5458 13.15551353113386
1 48774U 21045H   23259.57498623 -.00000045  00000-0 -15459-3 0  9995
2 48774  87.8951  99.2047 0002220  92.3037 267.8347 13.15550310112275
1 48775U 21045J   23259.56443258  .00000099  00000-0  22768-3 0  9997
2 48775  87.8940  99.2431 0002051  80.5527 279.5835 13.15548682112312
1 48776U 21045K   23259.58554496 -.00000055  00000-0 -17938-3 0  9994
2 48776  87.8939  99.2233 0001843  89.8654 270.2687 13.15544118112887
1 48777U 21045L   23259.58132733 -.00000071  00000-0 -22196-3 0  9991
2 48777  87.8951  99.2356 0002348  87.4100 272.7299 13.15549846112327
1 48778U 21045M   23259.57711067 -.00000047  00000-0 -15856-3 0  9992
2 48778  87.8939  99.2512 0001972  75.9699 284.1650 13.15546295112294
1 48779U 21045N   23259.57077216  .00000052  00000-0  10376-3 0  9990
2 48779  87.8942  99.2418 0001897  90.4992 269.6356 13.15550129112324
1 48780U 21045P   23259.58450194 -.00000057  00000-0 -18652-3 0  9995
2 48780  87.8939  99.2202 0001859  87.0088 273.1255 13.15552127112248
1 48781U 21045Q   23259.57922637 -.00000057  00000-0 -18659-3 0  9998
2 48781  87.8891  99.2966 0001774  80.2906 279.8424 13.15553628112566
1 48782U 21045R   23259.55808537  .00000138  00000-0  33116-3 0  9992
2 48782  87.8949  99.2483 0002048  86.9402 273.1962 13.15549518112257
1 48783U 21045S   23259.58351580 -.00000130  00000-0 -37974-3 0  9997
2 48783  87.8939  99.2269 0001701  74.2696 285.8622 13.15545220112393
1 48784U 21045T   23259.51900967 -.00000043  00000-0 -14940-3 0  9991
2 48784  87.8941  99.2505 0001668  79.7594 280.3725 13.15550611112281
1 48785U 21045U   23259.54117202  .00000172  00000-0  42382-3 0  9999
2 48785  87.8941  99.2206 0002153  76.3979 283.7391 13.15550745112318
1 48786U 21045V   23259.53697326  .00000227  00000-0  56921-3 0  9994
2 48786  87.8942  99.2222 0002164  85.0397 275.0980 13.15549593112183
1 48787U 21045W   23259.58766849 -.00000044  00000-0 -15202-3 0  9993
2 48787  87.8941  99.2211 0002313 102.2442 257.8947 13.15549699112234
1 48788U 21045X   23259.52217421 -.00000001  00000-0 -35648-4 0  9995
2 48788  87.8938  99.2231 0002192 104.8521 255.2853 13.15546789112194
1 48789U 21045Y   23259.52852809  .00000043  00000-0  81174-4 0  9990
2 48789  87.8944  99.2322 0002018  81.4092 278.7267 13.15546320112283
1 48790U 21045Z   23259.59187901 -.00000102  00000-0 -30508-3 0  9995
2 48790  87.8941  99.2373 0002185  86.4852 273.6528 13.15545816113488
1 48791U 21045AA  23259.57288261  .00000018  00000-0  14326-4 0  9990
2 48791  87.8943  99.2217 0001532  81.3712 278.7591 13.15547630112348
1 48792U 21045AB  23259.56655606  .00000082  00000-0  18377-3 0  9991
2 48792  87.8942  99.2373 0001865  80.2690 279.8651 13.15546039112298
1 48793U 21045AC  23259.63625647  .00000180  00000-0  44284-3 0  9997
2 48793  87.8941  99.2320 0002321  96.1261 264.0133 13.15550338113398
1 48794U 21045AD  23259.52638660  .00000035  00000-0  59390-4 0  9999
2 48794  87.8954  99.2569 0001765  62.2143 297.9166 13.15549168112188
1 48795U 21045AE  23259.59598511 -.00000025  00000-0 -10070-3 0  9999
2 48795  87.8894  99.3125 0001807  79.9935 280.1400 13.15550241112204
1 48796U 21045AF  23259.59401422 -.00000073  00000-0 -22734-3 0  9997
2 48796  87.8937  99.2374 0002958  89.1069 271.0400 13.15550077112281
1 48797U 21045AG  23259.53485011  .00000100  00000-0  23140-3 0  9999
2 48797  87.8948  99.2217 0001808  80.9411 279.1924 13.15547551112163
1 48798U 21045AH  23259.54753137  .00000182  00000-0  44827-3 0  9993
2 48798  87.8941  99.2341 0002463  72.3618 287.7781 13.15550059112328
1 48799U 21045AJ  23259.56864920  .00000072  00000-0  15738-3 0  9996
2 48799  87.8935  99.2409 0002374  85.0299 275.1102 13.15550691112335
1 48800U 21045AK  23259.53907625  .00000125  00000-0  29728-3 0  9999
2 48800  87.8939  99.2242 0002738  79.5727 280.5711 13.15546025112203
1 48801U 21045AL  23259.54962541  .00000195  00000-0  48263-3 0  9991
2 48801  87.8942  99.2603 0001848  95.8817 264.2524 13.15550045112210
1 48802U 21045AM  23259.55387935  .00000427  00000-0  11009-2 0  9996
2 48802  87.8951  99.2106 0002634  75.1968 284.9454 13.15548322112251
1 48967U 21060A   23259.52427737  .00000001  00000-0 -31073-4 0  9991
2 48967  87.9001  68.7374 0001626  90.2447 269.8870 13.16594636107414
1 48968U 21060B   23259.52852375  .00004348  00000-0  11338-1 0  9998
2 48968  87.8999  68.7222 0001864  83.8160 276.3183 13.16574427107399
1 48969U 21061C   22201.31196461  .18261823 -13028-5  81080-3 0  9995
2 48969  87.3907 101.3834 0009389 244.1470 116.2074 16.42588259 60404
1 48970U 21060D   23259.70795805  .00000083  00000-0  18283-3 0  9995
2 48970  87.9002  68.6938 0001764  97.0106 263.1225 13.16595540108770
1 48971U 21060E   23259.54539556  .00000085  00000-0  18767-3 0  9996
2 48971  87.9002  68.8037 0002098  92.9854 267.1517 13.16592503107399
1 48972U 21060F   23259.70583996  .00000128  00000-0  29994-3 0  9994
2 48972  87.9003  68.6835 0002056  89.8171 270.3195 13.16595993108694
1 48973U 21060G   23259.51585884  .00000046  00000-0  86511-4 0  9990
2 48973  87.9002  68.7571 0001632  85.1826 274.9492 13.16596053107469
1 48974U 21060H   23259.54117067  .00000133  00000-0  31338-3 0  9991
2 48974  87.8995  68.7571 0001624  98.1440 261.9875 13.16593278107431
1 48975U 21060J   23259.49894718 -.00000270  00000-0 -74007-3 0  9995
2 48975  87.9000  68.7354 0001821  97.0466 263.0872 13.16593793107380
1 48976U 21060K   23259.50108481  .00000431  00000-0  10939-2 0  9993
2 48976  87.8997  68.7634 0001783  87.8187 272.3148 13.16593904107394
1 48977U 21060L   23259.49474515  .00000003  00000-0 -24632-4 0  9999
2 48977  87.9000  68.7495 0001942  81.3154 278.8197 13.16595672107429
1 48978U 21060M   23259.48839275  .00000054  00000-0  10793-3 0  9994
2 48978  87.8999  68.7820 0001955 115.0810 245.0524 13.16593403107404
1 48979U 21060N   23259.53061519  .00000068  00000-0  14329-3 0  9993
2 48979  87.9085  68.7418 0002211  94.7868 265.3515 13.16594873107460
1 48980U 21060P   23259.51163641 -.00000051  00000-0 -16575-3 0  9991
2 48980  87.9000  68.7338 0002153  79.1931 280.9442 13.16595954107422
1 48981U 21060Q   23259.77127852  .00000064  00000-0  13300-3 0  9999
2 48981  87.8997  68.6983 0002240  87.6873 272.4514 13.16595121108724
1 48982U 21060R   23259.50423662 -.00000040  00000-0 -13702-3 0  9991
2 48982  87.9006  68.7524 0001791  91.1132 269.0204 13.16596149107398
1 48983U 21060S   22089.56010355  .23892351 -98804-6  48911-3 0  9992
2 48983  87.3760 138.5744 0006340 198.6650 162.3040 16.46819821 43509
1 48984U 21060T   23259.52640714  .00000034  00000-0  54186-4 0  9997
2 48984  87.9002  68.7355 0001618  86.3319 273.7997 13.16595274107387
1 48985U 21060U   23259.53698970  .00011308  00000-0  29534-1 0  9998
2 48985  87.9001  68.7347 0002380  93.3402 266.8001 13.16539311107396
1 48986U 21060V   23259.50528783 -.00000041  00000-0 -14038-3 0  9999
2 48986  87.9003  68.7431 0001678  93.8147 266.3176 13.16589748107659
1 48987U 21060W   23259.48629320  .00000048  00000-0  92103-4 0  9991
2 48987  87.9092  68.7535 0001641  91.5426 268.5893 13.16593357107424
1 48988U 21060X   23259.50319236 -.00000121  00000-0 -35004-3 0  9997
2 48988  87.9000  68.7577 0002457  85.3377 274.8034 13.16592285107462
1 48989U 21060Y   23259.49052256  .00000024  00000-0  27863-4 0  9997
2 48989  87.8999  68.7355 0002215  92.9847 267.1537 13.16592762107464
1 48990U 21060Z   23259.51373937 -.00000020  00000-0 -86880-4 0  9996
2 48990  87.9003  68.7550 0002051  93.5069 266.6296 13.16593168107413
1 48991U 21060AA  23259.53484074  .00000079  00000-0  17422-3 0  9991
2 48991  87.9001  68.7405 0001907  88.1745 271.9605 13.16593166107399
1 48992U 21060AB  23259.71216994  .00000082  00000-0  18138-3 0  9995
2 48992  87.9001  68.7086 0001999 110.4141 249.7204 13.16593739108750
1 48993U 21060AC  23259.47362857  .00000064  00000-0  13327-3 0  9994
2 48993  87.8993  68.7592 0001761  89.6740 270.4592 13.16597734107356
1 48994U 21060AD  23259.50741336  .00000299  00000-0  74904-3 0  9990
2 48994  87.8998  68.7394 0001992  80.1500 279.9856 13.16591418107370
1 48995U 21060AE  23259.52006684  .00000000  00000-0 -33806-4 0  9991
2 48995  87.9106  68.7504 0002319  94.4529 265.6867 13.16595253107363
1 48996U 21060AF  23259.50949617 -.00002661  00000-0 -69959-2 0  9994
2 48996  87.9002  68.7357 0001615  70.2355 289.8950 13.16605234107498
1 48997U 21060AG  23259.51794403 -.00000374  00000-0 -10117-2 0  9998
2 48997  87.9003  68.7315 0001715  92.0519 268.0808 13.16593450107429
1 48998U 21060AH  23259.53274520  .00000105  00000-0  24223-3 0  9998
2 48998  87.8999  68.7283 0002544  97.6103 262.5317 13.16593641107367
1 48999U 21060AJ  23259.53905331  .00000086  00000-0  19159-3 0  9990
2 48999  87.9000  68.7311 0001631  99.6354 260.4961 13.16597407107434
1 49000U 21060AK  23259.49261929 -.00000011  00000-0 -61983-4 0  9990
2 49000  87.9000  68.7564 0002095  84.5456 275.5913 13.16596450107407
1 49001U 21060AL  23259.55806594 -.00000125  00000-0 -36042-3 0  9994
2 49001  87.9060  68.7315 0002154  93.7174 266.4204 13.16597355107422
1 49002U 21060AM  23259.55174473  .00000136  00000-0  32175-3 0  9992
2 49002  87.8986  68.7633 0001952  84.2533 275.8821 13.16594754107408
1 49075U 21075A   23259.33386393  .00000593  00000-0  16142-2 0  9992
2 49075  87.9063 190.4196 0002032  72.7520 287.3830 13.12444114103404
1 49076U 21075B   23259.37830661 -.00000349  00000-0 -10065-2 0  9998
2 49076  87.9065 190.4196 0001466  79.1197 281.0097 13.12447002102761
1 49077U 21075C   23259.38111385  .00000054  00000-0  10598-3 0  9998
2 49077  87.9153 205.5428 0001837  66.3960 293.7364 13.17650637101305
1 49078U 21075D   23259.74468357 -.00000010  00000-0 -62886-4 0  9995
2 49078  87.9066 190.3520 0001821  72.8028 287.3299 13.12438961104424
1 49079U 21075E   23259.40852367 -.00000040  00000-0 -13686-3 0  9993
2 49079  87.9233 205.5266 0002042  81.3790 278.7573 13.17651975101887
1 49080U 21075F   23259.39165886 -.00000009  00000-0 -56933-4 0  9994
2 49080  87.9157 205.5352 0002124  69.4617 290.6742 13.17651155101292
1 49081U 21075G   23259.37479218  .00000023  00000-0  26431-4 0  9994
2 49081  87.9223 205.5395 0001900  67.8410 292.2923 13.17650164101285
1 49082U 21075H   23259.40007833 -.00000051  00000-0 -16500-3 0  9997
2 49082  87.9235 205.5256 0001979  70.3866 289.7480 13.17652047101310
1 49083U 21075J   23259.74997217 -.00000163  00000-0 -48723-3 0  9995
2 49083  87.9067 190.3491 0002251  68.4935 291.6433 13.12444111103818
1 49084U 21075K   23259.40221176  .00000145  00000-0  34019-3 0  9994
2 49084  87.9238 205.4950 0001644  63.5953 296.5347 13.17651501101272
1 49085U 21075L   23259.35291711  .00000193  00000-0  50243-3 0  9991
2 49085  87.9062 190.4264 0001682  48.3623 311.7650 13.12450063102774
1 49086U 21075M   23259.30630408 -.00000471  00000-0 -13445-2 0  9990
2 49086  87.9070 190.4203 0001815  85.9319 274.2017 13.12445263103377
1 49087U 21075N   23259.40429803 -.00000062  00000-0 -19299-3 0  9997
2 49087  87.9237 205.5160 0001767  77.4573 282.6756 13.17648016101307
1 49088U 21075P   23259.40642876  .00000055  00000-0  10782-3 0  9993
2 49088  87.9170 205.5356 0001644  73.6951 286.4361 13.17650608101284
1 49089U 21075Q   23259.29785562 -.00000301  00000-0 -87287-3 0  9991
2 49089  87.9063 190.4368 0001814  82.0371 278.0964 13.12441041103394
1 49090U 21075R   23259.35925827  .00000059  00000-0  12842-3 0  9993
2 49090  87.9065 190.4262 0002104  85.9429 274.1940 13.12438045102761
1 49091U 21075S   23259.34761808  .00000450  00000-0  12145-2 0  9990
2 49091  87.9066 190.4256 0001872  68.5625 291.5703 13.12441274102748
1 49092U 21075T   23259.38322223 -.00000003  00000-0 -42078-4 0  9995
2 49092  87.9224 205.5246 0001752  76.3333 283.7993 13.17650007101252
1 49093U 21075U   23259.37267691  .00000151  00000-0  35571-3 0  9993
2 49093  87.9150 205.5413 0001489  69.0935 291.0356 13.17649452101281
1 49094U 21075V   23259.72350729  .00000497  00000-0  13466-2 0  9999
2 49094  87.9066 190.3535 0001942  79.5789 280.5559 13.12446135103807
1 49095U 21075W   23259.37900701  .00000012  00000-0 -19929-5 0  9999
2 49095  87.9152 205.5456 0002162  61.9364 298.1986 13.17650961101259
1 49096U 21075X   23259.73515328  .00000310  00000-0  82733-3 0  9998
2 49096  87.9070 190.3343 0002115  70.2782 289.8574 13.12444130104437
1 49097U 21075Y   23259.30939724  .00000124  00000-0  28527-3 0  9996
2 49097  87.9153 205.5630 0001462  76.3505 283.7789 13.17648204101297
1 49098U 21075Z   23259.39798003  .00000028  00000-0  38924-4 0  9995
2 49098  87.9233 205.5303 0001735  62.3129 297.8179 13.17652064101281
1 49099U 21075AA  23259.37687315  .00000042  00000-0  75979-4 0  9994
2 49099  87.9225 205.5513 0001741  67.2042 292.9273 13.17650985101271
1 49100U 21075AB  23259.37056944  .00000070  00000-0  14768-3 0  9994
2 49100  87.9149 205.5443 0001638  59.6766 300.4527 13.17650029101247
1 49101U 21075AC  23259.32538255  .00000250  00000-0  66083-3 0  9997
2 49101  87.9063 190.4257 0001882  85.5054 274.6289 13.12442236103363
1 49102U 21075AD  23259.32646023  .00000020  00000-0  17600-4 0  9998
2 49102  87.9227 175.3324 0001680  80.1669 279.9653 13.18689323104777
1 49103U 21075AE  23259.32115632  .00000214  00000-0  56085-3 0  9990
2 49103  87.9063 190.4328 0002121  70.0937 290.0420 13.12446074103385
1 49104U 21075AF  23259.77961014 -.00000021  00000-0 -85106-4 0  9998
2 49104  87.9233 175.2333 0001487  77.9111 282.2188 13.18684711105795
1 49105U 21075AG  23259.38742203  .00000064  00000-0  13106-3 0  9998
2 49105  87.9232 205.5265 0001237  73.6315 286.4953 13.17648447101289
1 49106U 21075AH  23259.31159942 -.00000405  00000-0 -11625-2 0  9998
2 49106  87.9067 190.4231 0001690  73.2385 286.8929 13.12443480102741
1 49107U 21075AJ  23259.39376173 -.00000046  00000-0 -15183-3 0  9999
2 49107  87.9235 205.5281 0001768  72.2350 287.8974 13.17651320101265
1 49108U 21075AK  23259.39587543 -.00000057  00000-0 -17899-3 0  9993
2 49108  87.9223 205.5426 0001888  67.4603 292.6728 13.17651162101304
1 49186U 21083A   23259.22894238 -.00000052  00000-0 -17688-3 0  9993
2 49186  87.9077 160.1818 0001804  75.2097 284.9232 13.13468283 99003
1 49187U 21083B   23259.32012604 -.00000235  00000-0 -62842-3 0  9999
2 49187  87.9231 175.3270 0001593  75.3833 284.7476 13.18686896 97542
1 49188U 21083C   23259.31171318  .00000092  00000-0  19973-3 0  9993
2 49188  87.9228 175.3157 0001732  83.9394 276.1935 13.18685652 97583
1 49189U 21083D   23259.22471398 -.00000126  00000-0 -38035-3 0  9995
2 49189  87.9079 160.1809 0001888  72.1060 288.0275 13.13471835 99005
1 49190U 21083E   23259.77328776  .00000024  00000-0  28139-4 0  9998
2 49190  87.9233 175.2477 0001940  72.4235 287.7109 13.18689333 98889
1 49191U 21083F   23259.59066934  .00000056  00000-0  10610-3 0  9993
2 49191  87.9169 114.4641 0002028  87.3281 272.8085 13.20772160104228
1 49192U 21083G   23259.22048573 -.00000145  00000-0 -43249-3 0  9998
2 49192  87.9076 160.1715 0002491  68.5647 291.5747 13.13468106 98990
1 49193U 21083H   23259.75852158 -.00002591  00000-0 -66044-2 0  9993
2 49193  87.9229 175.2308 0001557  68.8622 291.2676 13.18696694 98903
1 49194U 21083J   23259.76274201  .00000015  00000-0  45828-5 0  9999
2 49194  87.9417 175.1461 0001893  75.1692 284.9650 13.18690851 98914
1 49195U 21083K   23259.32223635  .00000057  00000-0  11217-3 0  9996
2 49195  87.9232 175.3067 0001247  70.2995 289.8272 13.18689286 97563
1 49196U 21083L   23259.29801781  .00000121  00000-0  27495-3 0  9994
2 49196  87.9295 175.2992 0001460  75.5177 284.6117 13.18683426 97589
1 49197U 21083M   23259.28714334 -.00000191  00000-0 -55776-3 0  9993
2 49197  87.9078 160.1658 0001800  67.4456 292.6864 13.13468520 98983
1 49198U 21083N   23259.77117383  .00001348  00000-0  33874-2 0  9996
2 49198  87.9227 175.2344 0001865  82.7216 277.4128 13.18678915 98917
1 49199U 21083P   23259.28183436 -.00000137  00000-0 -40963-3 0  9990
2 49199  87.9078 160.1689 0002064  78.4276 281.7085 13.13468004 98996
1 49200U 21083Q   23259.57593364  .00000092  00000-0  19431-3 0  9994
2 49200  87.9174 114.5121 0002427  96.7253 263.4157 13.20770328104180
1 49201U 21083R   23259.27760975  .00000018  00000-0  14299-4 0  9992
2 49201  87.9077 160.1591 0001881  69.2523 290.8807 13.13471899 99002
1 49202U 21083S   23259.70293336  .00000138  00000-0  34291-3 0  9999
2 49202  87.9074 160.0733 0001928  77.4768 282.6577 13.13472634100353
1 49203U 21083T   23259.72620392  .00000255  00000-0  66324-3 0  9990
2 49203  87.9076 160.0739 0001792  68.1459 291.9861 13.13472822100353
1 49204U 21083U   23259.58225640  .00000055  00000-0  10374-3 0  9994
2 49204  87.9177 114.4786 0002272  81.7195 278.4195 13.20771653104203
1 49205U 21083V   23259.49662594  .00000335  00000-0  88179-3 0  9997
2 49205  87.9076 160.1162 0001896  69.2916 290.8417 13.13471816 99007
1 49206U 21083W   23259.30117588  .00000071  00000-0  14632-3 0  9996
2 49206  87.9230 175.3204 0001774  72.6076 287.5250 13.18688009 97538
1 49207U 21083X   23259.76486274  .00000015  00000-0  41310-5 0  9991
2 49207  87.9312 175.1782 0002219  53.7638 306.3699 13.18684884 98904
1 49208U 21083Y   23259.58856712  .00000061  00000-0  11816-3 0  9997
2 49208  87.9169 114.5105 0002008  82.4915 277.6446 13.20771226104171
1 49209U 21083Z   23259.30539470  .00000050  00000-0  94556-4 0  9998
2 49209  87.9298 175.3015 0002631  53.9708 306.1668 13.18685378 97607
1 49210U 21083AA  23259.23315224  .00000018  00000-0  14857-4 0  9991
2 49210  87.9077 160.1740 0001579  71.6043 288.5258 13.13474258 98977
1 49211U 21083AB  23259.70823000  .00000381  00000-0  10085-2 0  9990
2 49211  87.9076 160.0665 0001562  50.9185 309.2082 13.13472997100340
1 49212U 21083AC  23259.76908606  .00000065  00000-0  13275-3 0  9997
2 49212  87.9297 175.2016 0001400  72.4572 287.6713 13.18686291 98899
1 49213U 21083AD  23259.58014097  .00000145  00000-0  32396-3 0  9994
2 49213  87.9171 114.4714 0001096  54.7001 305.4234 13.20770727104203
1 49214U 21083AE  23259.26068405  .00000425  00000-0  11292-2 0  9994
2 49214  87.9019 160.1702 0001591  59.8771 300.2516 13.13474172 99015
1 49215U 21083AF  23259.57382029  .00000055  00000-0  10327-3 0  9998
2 49215  87.9176 114.4714 0002183  77.7688 282.3689 13.20769887104161
1 49216U 21083AG  23259.24165209  .00000260  00000-0  67783-3 0  9998
2 49216  87.9076 160.1708 0002182  74.0023 286.1346 13.13472943 99109
1 49217U 21083AH  23259.52332287  .00000096  00000-0  20532-3 0  9990
2 49217  87.9170 114.4642 0001799  68.0942 292.0382 13.20773478104197
1 49218U 21083AJ  23259.27338438  .00000129  00000-0  31732-3 0  9998
2 49218  87.9078 160.1644 0001985  69.4539 290.6803 13.13471166 98981
1 49219U 21083AK  23259.67063598  .00000042  00000-0  71330-4 0  9998
2 49219  87.9174 114.4544 0001690  76.1382 283.9939 13.20772532105516
1 49279U 21090A   23259.69408794  .00000087  00000-0  20027-3 0  9990
2 49279  87.8991 129.6946 0002017  83.8451 276.2908 13.14500524 95611
1 49280U 21090B   23259.58645903  .00000062  00000-0  11943-3 0  9995
2 49280  87.9234 114.4101 0002134  92.4083 267.7295 13.20773434 98432
1 49281U 21090C   23259.54224723  .00000148  00000-0  33248-3 0  9992
2 49281  87.9178 114.4673 0001519  71.8571 288.2728 13.20770646 97219
1 49282U 21090D   23259.15280537  .00000094  00000-0  22022-3 0  9993
2 49282  87.8997 129.7817 0002054  86.0580 274.0784 13.14500687 95548
1 49283U 21090E   23259.69166841  .00000127  00000-0  27946-3 0  9991
2 49283  87.9172 114.4446 0001073 113.6022 246.5224 13.20771053 98520
1 49284U 21090F   23259.56963075  .00000092  00000-0  19412-3 0  9992
2 49284  87.9181 114.4426 0001329  76.0669 284.0612 13.20771147 97949
1 49285U 21090G   23259.56752634  .00000058  00000-0  11139-3 0  9990
2 49285  87.9168 114.4784 0001688  62.7719 297.3587 13.20773001 97925
1 49286U 21090H   23259.55700433  .00000125  00000-0  27632-3 0  9990
2 49286  87.9172 114.4776 0001713  75.1725 284.9598 13.20771520 97238
1 49287U 21090J   23259.53806260  .00000081  00000-0  16625-3 0  9995
2 49287  87.9170 114.4776 0001598  84.1060 276.0256 13.20771194 97689
1 49288U 21090K   23259.75635917  .00000060  00000-0  11783-3 0  9996
2 49288  87.9255 144.8909 0002123  69.1497 290.9863 13.19728082 95257
1 49289U 21090L   23259.55487195  .00000146  00000-0  32620-3 0  9996
2 49289  87.9170 114.4716 0001304  89.5773 270.5510 13.20770618 97693
1 49290U 21090M   23259.66852854  .00000032  00000-0  46921-4 0  9992
2 49290  87.9181 114.4601 0001831  87.4895 272.6448 13.20770881 99661
1 49291U 21090N   23259.23512608  .00000045  00000-0  78852-4 0  9998
2 49291  87.9259 144.9821 0001924  74.9524 285.1821 13.19723031 93877
1 49292U 21090P   23259.14857881  .00000017  00000-0  11944-4 0  9992
2 49292  87.8997 129.7883 0001833  85.1813 274.9526 13.14505501 95526
1 49293U 21090Q   23259.62854885  .00000050  00000-0  90925-4 0  9990
2 49293  87.9168 114.4514 0001864  89.1360 270.9987 13.20771584 98528
1 49294U 21090R   23259.67694044  .00000097  00000-0  20724-3 0  9995
2 49294  87.9179 114.4587 0001911 111.3069 248.8269 13.20771033 99682
1 49295U 21090S   23259.45782968  .00000057  00000-0  11066-3 0  9990
2 49295  87.9255 144.9325 0001898  80.8060 279.3287 13.19725239 93892
1 49296U 21090T   23259.56119452  .00000052  00000-0  95319-4 0  9994
2 49296  87.9168 114.4688 0001652  80.1906 279.9414 13.20773335 97254
1 49297U 21090U   23259.23827589  .00000035  00000-0  55458-4 0  9997
2 49297  87.9256 144.9650 0001885  76.4817 283.6526 13.19723899 93909
1 49298U 21090V   23259.55069090  .00000154  00000-0  34688-3 0  9991
2 49298  87.9179 114.4673 0002148  79.9490 280.1886 13.20771076 97221
1 49299U 21090W   23259.57803604  .00000087  00000-0  18263-3 0  9997
2 49299  87.9248 114.4183 0001586  95.7166 264.4149 13.20770832 98414
1 49300U 21090X   23259.59258332 -.00000158  00000-0 -46073-3 0  9995
2 49300  87.8995 129.6903 0001761  81.4502 278.6827 13.14505645 95580
1 49301U 21090Y   23259.64114773 -.00000587  00000-0 -14768-2 0  9993
2 49301  87.9168 114.4553 0001086  82.6723 277.4533 13.20773509 99213
1 49302U 21090Z   23259.23669691  .00000040  00000-0  68270-4 0  9994
2 49302  87.9259 144.9822 0002123  80.4923 279.6449 13.19723852 93907
1 49303U 21090AA  23259.56330958 -.00005052  00000-0 -12460-1 0  9999
2 49303  87.9169 114.4668 0002614  53.3696 306.7677 13.20795997 97909
1 49304U 21090AB  23259.67799106  .00000159  00000-0  35965-3 0  9994
2 49304  87.9180 114.4388 0001590  92.6105 267.5210 13.20771153 98507
1 49305U 21090AC  23259.58623819 -.00000370  00000-0 -10324-2 0  9990
2 49305  87.8996 129.6927 0001791  81.9633 278.1700 13.14502179 95589
1 49306U 21090AD  23259.23352350  .00000026  00000-0  33370-4 0  9996
2 49306  87.9257 144.9788 0001758  72.5258 287.6067 13.19725595 93873
1 49307U 21090AE  23259.54857247  .00000080  00000-0  16397-3 0  9995
2 49307  87.9229 114.4109 0001662  78.3959 281.7361 13.20769977 97216
1 49308U 21090AF  23259.53591751  .00001887  00000-0  46062-2 0  9997
2 49308  87.9166 114.4703 0001471  82.0314 278.0987 13.20788989 97208
1 49309U 21090AG  23259.65600851 -.00010514  00000-0 -28406-1 0  9993
2 49309  87.9005 129.6606 0001888  80.6364 279.4979 13.14555212 96919
1 49310U 21090AH  23259.53173859  .00000087  00000-0  18326-3 0  9999
2 49310  87.9179 114.4679 0001232 100.5098 259.6174 13.20771290 97218
1 49311U 21090AJ  23259.67905301  .00000119  00000-0  25993-3 0  9994
2 49311  87.9179 114.4410 0001328  88.1238 272.0047 13.20772957 98529
1 49312U 21090AK  23259.54435192 -.00000198  00000-0 -51869-3 0  9997
2 49312  87.9171 114.4805 0001486  90.4535 269.6769 13.20771423 97205
1 49313U 21090AL  23259.68113960  .00000142  00000-0  31686-3 0  9991
2 49313  87.9179 114.4980 0001318  71.1436 288.9840 13.20768883 98535
1 49314U 21090AM  23259.45624979  .00000045  00000-0  81057-4 0  9994
2 49314  87.9257 144.9371 0001830  80.3706 279.7633 13.19723976 93890
1 50469U 21132A   23259.41064564 -.00000013  00000-0 -67404-4 0  9995
2 50469  87.9232 205.5025 0001557  69.3527 290.7771 13.17651376 87059
1 50470U 21132B   23259.33682669  .00000336  00000-0  83229-3 0  9998
2 50470  87.9234 205.5233 0001915  61.1191 299.0133 13.17649330 85755
1 50471U 21132C   23259.41484221 -.00000137  00000-0 -38485-3 0  9997
2 50471  87.9233 205.4788 0001713  74.5288 285.6032 13.17648896 85766
1 50472U 21132D   23259.36844120  .00000185  00000-0  44238-3 0  9994
2 50472  87.9223 205.5263 0001654  67.9991 292.1316 13.17650487 85796
1 50473U 21132E   23259.37793486 -.00000026  00000-0 -10031-3 0  9994
2 50473  87.9231 205.4906 0002004  70.5811 289.5537 13.17647713 85782
1 50474U 21132F   23259.34121586  .00000103  00000-0  22857-3 0  9991
2 50474  87.9300 175.2746 0001740  74.8631 285.2693 13.18687874 89164
1 50475U 21132G   23259.41394729  .00000423  00000-0  11566-2 0  9990
2 50475  87.8942 220.6817 0001851  72.0331 288.0999 13.11418413 84024
1 50476U 21132H   23259.33489998  .00000121  00000-0  27322-3 0  9998
2 50476  87.9300 175.2676 0001671  77.7129 282.4190 13.18687022 89206
1 50477U 21132J   23259.27377439  .00000208  00000-0  49437-3 0  9995
2 50477  87.9299 175.2809 0001572  78.4362 281.6946 13.18685500 89174
1 50478U 21132K   23259.45844038 -.00003738  00000-0 -10583-1 0  9991
2 50478  87.8938 220.6667 0002698  59.0678 301.0715 13.11434174 85209
1 50479U 21132L   23259.44572615 -.00000225  00000-0 -66998-3 0  9991
2 50479  87.8940 220.6804 0002216  83.8014 276.3366 13.11419644 83918
1 50480U 21132M   23259.55621161  .00003166  00000-0  79976-2 0  9990
2 50480  87.9225 175.2579 0002175  74.4832 285.6540 13.18671442 89207
1 50481U 21132N   23259.29483512  .00000100  00000-0  22016-3 0  9997
2 50481  87.9299 175.2845 0001881  87.4962 272.6385 13.18684610 89176
1 50482U 21132P   23259.71637911 -.00003675  00000-0 -93559-2 0  9990
2 50482  87.9226 175.2265 0002648  76.1470 283.9957 13.18709979 90532
1 50483U 21132Q   23259.28431876  .00000161  00000-0  37514-3 0  9990
2 50483  87.9278 175.2935 0001641  79.7984 280.3333 13.18686577 89158
1 50484U 21132R   23259.42664255 -.00000628  00000-0 -18071-2 0  9992
2 50484  87.8940 220.6402 0001211  84.6778 275.4488 13.11418114 84005
1 50485U 21132S   23259.70688993 -.00007908  00000-0 -20097-1 0  9997
2 50485  87.9301 175.2041 0002143  86.7408 273.3969 13.18724727 90892
1 50486U 21132T   23259.28851298  .00000148  00000-0  34375-3 0  9994
2 50486  87.9298 175.2858 0001391  71.3161 288.8122 13.18684141 89181
1 50487U 21132U   23259.28220005  .00000052  00000-0  10036-3 0  9993
2 50487  87.9298 175.2948 0001788  80.0366 280.0967 13.18686820 89127
1 50488U 21132V   23259.42453029  .00000569  00000-0  15685-2 0  9991
2 50488  87.8940 220.6564 0001415  65.0779 295.0496 13.11418269 83892
1 50489U 21132W   23259.27167012  .00000163  00000-0  37964-3 0  9994
2 50489  87.9241 175.3116 0001983  93.8480 266.2879 13.18687199 89219
1 50490U 21132X   23259.27586919  .00000203  00000-0  48146-3 0  9996
2 50490  87.9304 175.2962 0002104  87.2921 272.8452 13.18684526 89156
1 50491U 21132Y   23259.33805591  .00000072  00000-0  15066-3 0  9993
2 50491  87.9301 175.2736 0001688  85.4188 274.7137 13.18685973 89196
1 50492U 21132Z   23259.72481165  .00000020  00000-0  18389-4 0  9999
2 50492  87.9240 175.2353 0001600  66.1722 293.9578 13.18688170 90510
1 50493U 21132AA  23259.28323906  .00000233  00000-0  55863-3 0  9992
2 50493  87.9302 175.2836 0001334  63.3156 296.8113 13.18684649 89220
1 50494U 21132AB  23259.52459138  .00000034  00000-0  53857-4 0  9998
2 50494  87.9299 175.2614 0001836  61.4438 298.6878 13.18684437 89176
1 50495U 21132AC  23259.33911755  .00000078  00000-0  16482-3 0  9996
2 50495  87.9300 175.3059 0002271  71.3333 288.8046 13.18685005 89149
1 50496U 21132AD  23259.71217188 -.00000982  00000-0 -25225-2 0  9998
2 50496  87.9241 175.2281 0002896  60.9812 299.1610 13.18694330 90537
1 50497U 21132AE  23259.29273023  .00000158  00000-0  36792-3 0  9997
2 50497  87.9223 175.3070 0002083  59.8501 300.2837 13.18684009 89204
1 50498U 21132AF  23259.33066868  .00000147  00000-0  33998-3 0  9993
2 50498  87.9298 175.3001 0001445  83.4347 276.6949 13.18689282 89155
1 50499U 21132AG  23259.51825268  .00000029  00000-0  41199-4 0  9993
2 50499  87.9225 175.2657 0001635  69.3182 290.8125 13.18684687 89207
1 50500U 21132AH  23259.27797356  .00000162  00000-0  37921-3 0  9990
2 50500  87.9285 175.2940 0001987  73.0849 287.0500 13.18689239 89149
1 50501U 21132AJ  23259.26744659  .00000190  00000-0  44865-3 0  9994
2 50501  87.9301 175.2891 0001980  67.0966 293.0375 13.18689774 89185
1 50502U 21132AK  23259.29906160  .00000043  00000-0  77187-4 0  9996
2 50502  87.9222 175.3065 0001946  73.3830 286.7516 13.18688171 89146
1 50503U 21132AL  23259.28639768 -.00000016  00000-0 -74434-4 0  9997
2 50503  87.9227 175.3226 0002046  95.6878 264.4488 13.18686871 89137
1 50504U 21132AM  23259.73534762 -.00000004  00000-0 -42052-4 0  9994
2 50504  87.9273 175.2336 0002330  76.3681 283.7711 13.18687792 90514
1 51622U 22012A   23259.35368630  .00000110  00000-0  24941-3 0  9993
2 51622  87.9167 205.5566 0000740  91.3041 268.8175 13.17650696 81374
1 51623U 22012B   23259.68298455 -.00000668  00000-0 -19509-2 0  9990
2 51623  87.8840 235.7233 0001874  73.1502 286.9831 13.10378444 79016
1 51624U 22012C   23259.67975080  .00000103  00000-0  25808-3 0  9998
2 51624  87.8842 235.7508 0001949  72.0365 288.0975 13.10372540 79015
1 51625U 22012D   23259.46206976  .00000946  00000-0  26730-2 0  9996
2 51625  87.8839 235.7811 0002015  83.4369 276.6988 13.10371801 77748
1 51626U 22012E   23259.36212330  .00000112  00000-0  25458-3 0  9999
2 51626  87.9164 205.5509 0002738  87.5488 272.5957 13.17646403 81486
1 51627U 22012F   23259.35580263  .00000167  00000-0  39742-3 0  9993
2 51627  87.9229 205.5007 0001973  78.6502 281.4852 13.17651009 81379
1 51628U 22012G   23259.47181104  .00000673  00000-0  18918-2 0  9991
2 51628  87.8831 235.7718 0001735  99.9105 260.2219 13.10370376 77749
1 51629U 22012H   23259.45228882 -.00000823  00000-0 -23946-2 0  9991
2 51629  87.8840 235.7869 0002354  82.3868 277.7527 13.10384279 77705
1 51630U 22012J   23259.58334491 -.00044667  00000-0 -13158+0 0  9996
2 51630  87.8828 235.7546 0002631  71.6214  42.3444 13.08797274 79064
1 51631U 22012K   23259.62778222  .00000571  00000-0  16006-2 0  9998
2 51631  87.8833 235.7629 0002178  88.9149 271.2228 13.10371910 79057
1 51632U 22012L   23259.48319746  .00000806  00000-0  22738-2 0  9995
2 51632  87.8831 235.7808 0002453  86.6133 273.5275 13.10370820 77738
1 51633U 22012M   23259.34946753  .00000114  00000-0  25933-3 0  9998
2 51633  87.9167 205.5485 0002195  81.6889 278.4491 13.17647160 81352
1 51634U 22012N   23259.69600182 -.00004358  00000-0 -12523-1 0  9995
2 51634  87.8835 235.7398 0002018  89.8966 270.2392 13.10395197 79082
1 51635U 22012P   23259.47019249  .00000767  00000-0  21621-2 0  9998
2 51635  87.8834 235.7670 0002010  83.5275 276.6081 13.10371366 77749
1 51636U 22012Q   23259.34103190  .00000123  00000-0  28486-3 0  9997
2 51636  87.9227 205.5458 0001178  61.8107 298.3143 13.17646821 81342
1 51637U 22012R   23259.36001246  .00000090  00000-0  19878-3 0  9997
2 51637  87.9227 205.5478 0002340  91.2753 268.8646 13.17650770 81394
1 51638U 22012S   23259.46044172  .00000740  00000-0  20840-2 0  9996
2 51638  87.8840 235.7968 0002176  89.1904 270.9473 13.10372226 77752
1 51639U 22012T   23259.48156461  .00000809  00000-0  22822-2 0  9992
2 51639  87.8836 235.7784 0001636  77.8322 282.2989 13.10368421 77763
1 51640U 22012U   23259.45879926  .00000470  00000-0  13098-2 0  9998
2 51640  87.8837 235.7892 0002034  83.8310 276.3049 13.10371303 77745
1 51641U 22012V   23259.46367718  .00000669  00000-0  18814-2 0  9992
2 51641  87.8836 235.7900 0002131  89.2617 270.8755 13.10371403 77714
1 51642U 22012W   23259.46855335  .00000647  00000-0  18180-2 0  9992
2 51642  87.8838 235.7918 0001793  88.6533 271.4800 13.10370750 77722
1 51643U 22012X   23259.34525847  .00000099  00000-0  22115-3 0  9997
2 51643  87.9166 205.5522 0002025  86.7700 273.3663 13.17647989 81336
1 51644U 22012Y   23259.41906280  .00001182  00000-0  30117-2 0  9994
2 51644  87.9227 205.5315 0002006  85.0355 275.1006 13.17641986 81356
1 51645U 22012Z   23259.31846262  .00000457  00000-0  19665-3 0  9997
2 51645  87.5403 195.1172 0017899 150.3137 209.9073 14.22575957 83222
1 51646U 22012AA  23259.47832139  .00000485  00000-0  13525-2 0  9992
2 51646  87.8814 235.7735 0002296  80.9541 279.1847 13.10372273 77762
1 51647U 22012AB  23259.68462677  .00000296  00000-0  81269-3 0  9993
2 51647  87.8839 235.7357 0001568  87.5567 272.5740 13.10380207 79095
1 51648U 22012AC  23259.47669221  .00000634  00000-0  17812-2 0  9993
2 51648  87.8831 235.7893 0002107  92.1819 267.9549 13.10372170 77728
1 51649U 22012AD  23259.36422981  .00000186  00000-0  44682-3 0  9990
2 51649  87.9336 205.4987 0001863  80.6353 279.4990 13.17646362 81560
1 51650U 22012AE  23259.34736502  .00000051  00000-0  97491-4 0  9995
2 51650  87.9231 205.5603 0001826  77.6762 282.4573 13.17647638 81345
1 51651U 22012AF  23259.70249447  .00000488  00000-0  13614-2 0  9990
2 51651  87.8834 235.7329 0002510  83.2538 276.8875 13.10373359 79077
1 51652U 22012AG  23259.47991312 -.00000075  00000-0 -25007-3 0  9994
2 51652  87.8832 235.7704 0002015  87.6281 272.5077 13.10371016 77721
1 51653U 22012AH  23259.46530780  .00000693  00000-0  19478-2 0  9990
2 51653  87.8837 235.7774 0002122  88.4310 271.7061 13.10370210 77724
1 51654U 22012AJ  23259.45717404  .00003113  00000-0  88792-2 0  9995
2 51654  87.8912 235.7433 0002083  83.7173 276.4192 13.10362979 79005
1 51655U 22012AK  23259.35792026  .00001618  00000-0  41348-2 0  9992
2 51655  87.9224 205.5366 0002233  90.6831 269.4556 13.17645784 81361
1 54113U 22138A   23259.18299140  .00000148  00000-0  33612-3 0  9996
2 54113  87.9260 144.9898 0001946  76.5631 283.5718 13.19728346 44274
1 54114U 22138B   23259.58735355  .00000106  00000-0  23217-3 0  9998
2 54114  87.9256 144.9056 0002158  76.8696 283.2677 13.19723891 44334
1 54115U 22138C   23259.41360824  .00000059  00000-0  11597-3 0  9991
2 54115  87.9258 144.9517 0002240  86.2327 273.9062 13.19727626 44296
1 54116U 22138D   23259.19878849  .00000086  00000-0  18326-3 0  9995
2 54116  87.9260 144.9866 0001930  76.7192 283.4156 13.19728922 44252
1 54117U 22138E   23259.18142006  .00000158  00000-0  36340-3 0  9990
2 54117  87.9256 144.9885 0001553  96.3575 263.7734 13.19726314 44260
1 54118U 22138F   23259.71529453  .00000095  00000-0  20479-3 0  9991
2 54118  87.9260 144.8774 0001918  74.2693 285.8651 13.19725673 45219
1 54119U 22138G   23259.21459760  .00000179  00000-0  41369-3 0  9994
2 54119  87.9261 144.9791 0002150  87.7289 272.4090 13.19726404 44255
1 54120U 22138H   23259.20036467  .00000023  00000-0  24233-4 0  9990
2 54120  87.9259 144.9749 0002052  86.5725 273.5642 13.19727536 44274
1 54121U 22138J   23259.18932608  .00000184  00000-0  42802-3 0  9999
2 54121  87.9258 144.9851 0001924  84.6494 275.4858 13.19721156 44268
1 54122U 22138K   23259.17665978  .00000030  00000-0  42995-4 0  9996
2 54122  87.9209 144.9911 0001824  90.8765 269.2577 13.19725004 44277
1 54123U 22138L   23259.24931911 -.00000280  00000-0 -73231-3 0  9993
2 54123  87.9259 144.9712 0001789  92.1602 267.9735 13.19727421 44262
1 54124U 22138M   23259.22404688 -.00000435  00000-0 -11182-2 0  9996
2 54124  87.9259 144.9733 0002238  82.1477 277.9909 13.19727669 44252
1 54125U 22138N   23259.24459871  .00000131  00000-0  29547-3 0  9999
2 54125  87.9208 144.9963 0002047  81.3962 278.7403 13.19727535 44306
1 54126U 22138P   23259.24144525  .00000104  00000-0  22691-3 0  9990
2 54126  87.9258 144.9771 0002340  88.2147 271.9253 13.19728264 44281
1 54127U 22138Q   23259.59523706  .00000070  00000-0  14234-3 0  9997
2 54127  87.9257 144.9044 0001861  80.5831 279.5512 13.19730725 44306
1 54128U 22138R   23259.67273461  .00000072  00000-0  14527-3 0  9994
2 54128  87.9230 114.3697 0002117  77.1911 282.9458 13.20771143 47580
1 54129U 22138S   23259.21300186 -.00000018  00000-0 -76992-4 0  9997
2 54129  87.9260 144.9808 0001502  91.6905 268.4400 13.19724119 44287
1 54130U 22138T   23259.20509642  .00000095  00000-0  20602-3 0  9995
2 54130  87.9258 144.9820 0002138  91.3657 268.7721 13.19723517 44254
1 54131U 22138U   23259.25169614  .00000152  00000-0  34618-3 0  9998
2 54131  87.9256 144.9768 0002055  99.7379 260.3986 13.19727963 44143
1 54132U 22138V   23259.22090186 -.00000025  00000-0 -94938-4 0  9996
2 54132  87.9261 144.9809 0001719  78.0627 282.0699 13.19729021 44271
1 54133U 22138W   23259.66010763 -.00000099  00000-0 -27640-3 0  9994
2 54133  87.9179 114.4101 0002069  54.1270 306.0055 13.20771966 47571
1 54134U 22138X   23259.19563375  .00000149  00000-0  33959-3 0  9999
2 54134  87.9260 144.9829 0001472  79.7629 280.3669 13.19726733 44275
1 54135U 22138Y   23259.25091482  .00000214  00000-0  50121-3 0  9995
2 54135  87.9261 144.9719 0001908  88.4607 271.6745 13.19727851 44283
1 54136U 22138Z   23259.19404665  .00000215  00000-0  50451-3 0  9997
2 54136  87.9258 144.9833 0001650  81.0733 279.0586 13.19727992 44270
1 54137U 22138AA  23259.21932598  .00000085  00000-0  17997-3 0  9995
2 54137  87.9260 144.9764 0001971  91.0757 269.0601 13.19727577 44287
1 54138U 22138AB  23259.25406729  .00000739  00000-0  18139-2 0  9996
2 54138  87.9216 144.9751 0002660  86.8645 273.2792 13.19725526 44278
1 54139U 22138AC  23259.21140513  .00000083  00000-0  17395-3 0  9995
2 54139  87.9258 144.9769 0001463  81.4656 278.6642 13.19730765 44215
1 54140U 22138AD  23259.19089784  .00000174  00000-0  40291-3 0  9998
2 54140  87.9259 144.9832 0001928  75.6831 284.4516 13.19726938 44251
1 54141U 22138AE  23259.57172860  .00000015  00000-0  57423-5 0  9990
2 54141  87.9180 114.4533 0001302  36.8956 323.2266 13.20770255 46695
1 54142U 22138AF  23259.55909437  .00000068  00000-0  13534-3 0  9998
2 54142  87.9209 114.4313 0002454  54.7449 305.3913 13.20769490 46698
1 54143U 22138AG  23259.58893196  .00000032  00000-0  47621-4 0  9992
2 54143  87.9261 144.9056 0002064  84.1945 275.9423 13.19724204 44322
1 54144U 22138AH  23259.24300491  .00000054  00000-0  10140-3 0  9996
2 54144  87.9259 144.9743 0001964  76.3724 283.7627 13.19730633 44257
1 54145U 22138AJ  23259.24618293 -.00000249  00000-0 -65512-3 0  9990
2 54145  87.9257 144.9724 0002196  82.6509 277.4873 13.19724779 44273
1 54146U 22138AK  23259.54645585 -.00000252  00000-0 -65107-3 0  9992
2 54146  87.9218 114.4146 0001813  43.5663 316.5613 13.20771242 46697
1 54147U 22138AL  23259.20353227  .00000083  00000-0  17455-3 0  9998
2 54147  87.9259 144.9819 0001552  68.6032 291.5267 13.19723604 44283
1 54148U 22138AM  23259.53384296  .00000037  00000-0  59923-4 0  9991
2 54148  87.9219 114.4669 0001022  38.1735 321.9470 13.20772898 46680
1 54642U 22166A   23259.52835048  .00000067  00000-0  13023-3 0  9999
2 54642  87.9147  84.0503 0001858  82.7916 277.3429 13.21827141 38818
1 54643U 22166B   23259.53467994 -.00000184  00000-0 -47636-3 0  9991
2 54643  87.9173  84.0041 0001763  85.5610 274.5725 13.21819107 39274
1 54644U 22166C   23259.57251313  .00000013  00000-0  85725-7 0  9996
2 54644  87.9172  83.9964 0001683  98.8652 261.2673 13.21827146 39277
1 54645U 22166D   23259.56619672  .00000008  00000-0 -11152-4 0  9997
2 54645  87.9175  84.0224 0001657  96.5297 263.6025 13.21824051 38811
1 54646U 22166E   23259.58091659  .00000023  00000-0  23531-4 0  9999
2 54646  87.9170  83.9949 0001230 101.5558 258.5714 13.21827712 39280
1 54647U 22166F   23259.54728559  .00000075  00000-0  14914-3 0  9993
2 54647  87.9172  84.0419 0001782 109.7499 250.3827 13.21825820 38780
1 54648U 22166G   23259.52204155  .00000101  00000-0  21263-3 0  9998
2 54648  87.9167  84.0031 0001125  97.9037 262.2225 13.21828271 38824
1 54649U 22166H   23259.56200669  .00000064  00000-0  12454-3 0  9999
2 54649  87.9172  84.0326 0001862  97.2150 262.9195 13.21826207 38803
1 54650U 22166J   23259.57461581  .00000014  00000-0  21091-5 0  9998
2 54650  87.9172  84.0374 0002077  80.0876 280.0492 13.21827320 38811
1 54651U 22166K   23259.51993212 -.00003572  00000-0 -86804-2 0  9998
2 54651  87.9154  84.0055 0001305 137.9678 222.1556 13.21852122 38796
1 54652U 22166L   23259.77016992  .00000056  00000-0  10294-3 0  9991
2 54652  87.9170  83.9573 0001967  91.4717 268.6643 13.21824522 39303
1 54653U 22166M   23259.55569651  .00000100  00000-0  21136-3 0  9990
2 54653  87.9145  84.0500 0001538  97.2958 262.8350 13.21824998 38805
1 54654U 22166N   23259.56725794  .00000054  00000-0  98387-4 0  9995
2 54654  87.9163  83.9909 0002121  73.2157 286.9210 13.21829948 38960
1 54655U 22166P   23259.55360177  .00000072  00000-0  14342-3 0  9993
2 54655  87.9172  84.0063 0000821 119.9761 240.1455 13.21825327 38823
1 54656U 22166Q   23259.57882123  .00000031  00000-0  43451-4 0  9995
2 54656  87.9170  84.0072 0001790  80.6799 279.4538 13.21829991 38810
1 54657U 22166R   23259.51575114  .00000075  00000-0  15109-3 0  9995
2 54657  87.9174  84.0173 0001513  87.6676 272.4631 13.21826948 38839
1 54658U 22166S   23259.59352512  .00000082  00000-0  16591-3 0  9993
2 54658  87.9162  83.9871 0001396  86.0827 274.0466 13.21829120 38727
1 54659U 22166T   23259.54095952 -.00000839  00000-0 -20627-2 0  9997
2 54659  87.9170  84.0048 0001621  89.4764 270.6556 13.21828481 38825
1 54660U 22166U   23259.78698596  .00000056  00000-0  10313-3 0  9999
2 54660  87.9170  83.9541 0001880  91.9743 268.1606 13.21827670 39339
1 54661U 22166V   23259.76385871  .00000072  00000-0  14330-3 0  9998
2 54661  87.9165  83.9518 0001846  83.3385 276.7959 13.21824380 39316
1 54662U 22166W   23259.51154216  .00000061  00000-0  11608-3 0  9992
2 54662  87.9169  84.0035 0001253  83.7367 276.3909 13.21828124 38818
1 54663U 22166X   23259.56830914  .00000086  00000-0  17586-3 0  9992
2 54663  87.9170  83.9928 0001454  99.8662 260.2636 13.21826482 38824
1 54664U 22166Y   23259.54938883  .00000080  00000-0  16232-3 0  9996
2 54664  87.9173  84.0453 0001595  96.9174 263.2141 13.21824741 38791
1 54665U 22166Z   23259.76913030  .00005611  00000-0  13551-1 0  9992
2 54665  87.9170  83.9517 0001983  97.7011 262.4348 13.21799821 39474
1 54666U 22166AA  23259.58512911 -.00000004  00000-0 -40274-4 0  9994
2 54666  87.9171  83.9964 0001481  93.0340 267.0963 13.21825677 39304
1 54667U 22166AB  23259.74072778 -.00000001  00000-0 -34156-4 0  9994
2 54667  87.9172  83.9609 0001266 104.0880 256.0395 13.21824614 39245
1 54668U 22166AC  23259.57671989 -.00000026  00000-0 -94900-4 0  9995
2 54668  87.9166  83.9935 0001532 111.4171 248.7127 13.21824785 39196
1 54669U 22166AD  23259.57040887 -.00000004  00000-0 -42252-4 0  9992
2 54669  87.9181  84.0140 0001199  82.7445 277.3825 13.21827839 38798
1 54670U 22166AE  23259.59251879  .00000014  00000-0  12682-5 0  9995
2 54670  87.9168  83.9997 0001962  79.7505 280.3850 13.21824418 38853
1 54671U 22166AF  23259.55780063  .00000077  00000-0  15526-3 0  9991
2 54671  87.9164  83.9975 0001462  93.0889 267.0412 13.21828076 38822
1 54672U 22166AG  23259.56410989  .00000084  00000-0  17263-3 0  9998
2 54672  87.9171  83.9973 0000975  92.4845 267.6401 13.21827928 38832
1 54673U 22166AH  23259.54518073  .00000142  00000-0  31210-3 0  9993
2 54673  87.9177  84.0001 0001085  97.4506 262.6751 13.21828298 38738
1 54674U 22166AJ  23259.53886376  .00000169  00000-0  37766-3 0  9998
2 54674  87.9171  84.0040 0002236  85.5787 274.5602 13.21828092 38722
1 54675U 22166AK  23259.55147822  .00000074  00000-0  14677-3 0  9998
2 54675  87.9166  83.9954 0001307  82.7282 277.4000 13.21828460 38718
1 54676U 22166AL  23259.53257331  .00000064  00000-0  12293-3 0  9995
2 54676  87.9176  84.0086 0001602  94.3453 265.7864 13.21827240 38729
1 54677U 22166AM  23259.58301533 -.00003090  00000-0 -75145-2 0  9993
2 54677  87.9170  84.0075 0001637  87.9550 272.1771 13.21839355 39197
1 54678U 22166AN  23259.52415718  .00000102  00000-0  21425-3 0  9991
2 54678  87.9146  84.0522 0001914  78.9492 281.1857 13.21827982 38806
1 54679U 22166AP  23259.52626593  .00000081  00000-0  16367-3 0  9992
2 54679  87.9173  84.0104 0001397 121.4932 238.6339 13.21825266 38693
1 54680U 22166AQ  23259.71330135 -.00042559  00000-0 -93262-1 0  9994
2 54680  87.9336  68.6518 0001944 100.8516 259.2841 13.28838038 40339
1 54681U 22166AR  23259.53046424  .00000074  00000-0  14666-3 0  9997
2 54681  87.9167  84.0009 0001554  99.0316 261.0994 13.21826882 38810
1 55140U 23004A   23259.91667824 -.00047563  00000-0 -11143+0 0  9994
2 55140  87.9486 205.4080 0005057  91.3736 147.6075 13.24408615 35321
1 55141U 23004B   23259.91667824  .00000014  00000-0  00000+0 0  9993
2 55141  87.7114 190.4116 0003809  77.1382 104.9630 13.48682492 36274
1 55142U 23004C   23259.43194848  .00000420  00000-0  11500-2 0  9993
2 55142  87.8933 220.6441 0001971  78.4360 281.6989 13.11411819 34259
1 55143U 23004D   23259.58334491 -.00801191  00000-0 -20158+0 0  9992
2 55143  86.7272 181.9426 0005672  81.8566  54.6015 14.54300778  5709
1 55144U 23004E   23259.58334491 -.00815043  00000-0 -20425+0 0  9991
2 55144  86.7262 181.8879 0003465  81.9462  29.3691 14.54551064  5642
1 55145U 23004F   23259.91667824 -.00900214  00000-0 -22101+0 0  9996
2 55145  86.7211 181.7830 0003720  66.2714  47.0688 14.55318165 36835
1 55146U 23004G   23259.58334491 -.00798968  00000-0 -20405+0 0  9997
2 55146  86.7350 181.8435 0003875  83.5440 166.7821 14.53606849  5696
1 55147U 23004H   23259.58334491 -.00831959  00000-0 -21300+0 0  9991
2 55147  86.7272 181.8454 0006575  89.8336 127.4526 14.53596854  5683
1 55148U 23004J   23259.76881296  .00001724  00000-0  30952-3 0  9996
2 55148  86.5395 180.5491 0004864  97.5276 262.6490 14.66162202 36814
1 55149U 23004K   23259.58334491 -.00827671  00000-0 -21277+0 0  9992
2 55149  86.7299 181.8309 0003860  87.3062  23.1041 14.53408358  5704
1 55150U 23004L   23259.58334491 -.00799300  00000-0 -19748+0 0  9991
2 55150  86.7243 181.9184 0005222  83.0922 112.8854 14.55141658  5717
1 55151U 23004M   23259.35156966  .00000091  00000-0  20122-3 0  9998
2 55151  87.9232 205.5207 0001553  67.9552 292.1744 13.17647759 35152
1 55152U 23004N   23259.58334491 -.00835641  00000-0 -21259+0 0  9992
2 55152  86.7236 181.9017 0004655  86.1069 216.2980 14.53919614  5667
1 55153U 23004P   23259.58334491 -.00792535  00000-0 -19713+0 0  9999
2 55153  86.7199 181.9513 0007474  90.1379  21.9119 14.54788136  5690
1 55154U 23004Q   23259.63544160 -.00013143  00000-0 -37158-1 0  9998
2 55154  87.8689 220.6492 0003287  59.8409 300.3044 13.11443929 34242
1 55155U 23004R   23259.38953912  .00000014  00000-0  34066-5 0  9990
2 55155  87.9185 205.4908 0002215  80.1257 280.0124 13.17653288 35168
1 55156U 23004S   23259.40226273 -.00000274  00000-0 -80910-3 0  9994
2 55156  87.8962 220.6670 0001612  91.0931 269.0382 13.11416604 34149
1 55157U 23004T   23259.91667824  .00000013  00000-0  00000+0 0  9999
2 55157  88.1158 204.4170 0002119  65.0737  43.9018 13.24660727 35444
1 55158U 23004U   23259.46585403 -.00000519  00000-0 -14995-2 0  9996
2 55158  87.8945 220.6713 0001274  74.6127 285.5142 13.11412488 34174
1 55159U 23004V   23259.32410329  .00000368  00000-0  14437-3 0  9998
2 55159  86.9162 190.6643 0015711  92.9507 267.3483 14.26655269 36159
1 55160U 23004W   23259.91667824  .00000013  00000-0  00000+0 0  9993
2 55160  87.9458 205.3875 0001815 104.6572 122.7258 13.25172792 35330
1 55161U 23004X   23259.46057928 -.00000473  00000-0 -13696-2 0  9992
2 55161  87.8951 220.6729 0001468  64.7980 295.3300 13.11426813 34143
1 55162U 23004Y   23259.33445894  .00000361  00000-0  98233-3 0  9997
2 55162  87.8930 220.6901 0001517 103.2622 256.8675 13.11413211 34101
1 55163U 23004Z   23259.41815815  .00000548  00000-0  15113-2 0  9993
2 55163  87.8938 220.6825 0000966  62.4300 297.6926 13.11425465 34107
1 55164U 23004AA  23259.91667824  .00000013  00000-0  00000+0 0  9997
2 55164  87.9268 205.4534 0003958  90.1876 272.6647 13.19241184 35334
1 55165U 23004AB  23259.58334491  .00007739  00000-0  17633-1 0  9996
2 55165  87.9560 190.2922 0001064  65.9149 291.8807 13.25733628  5492
1 55166U 23004AC  23259.91667824 -.00029138  00000-0 -68018-1 0  9995
2 55166  87.9425 205.4527 0003124  70.1643 291.5120 13.24528081 35323
1 55167U 23004AD  23259.58334491  .00033960  00000-0  87089-1 0  9995
2 55167  87.9226 205.5027 0002553  64.5708 279.5668 13.17663997  5253
1 55168U 23004AE  23259.91667824  .00000013  00000-0  00000+0 0  9991
2 55168  87.9372 205.4579 0002431  29.8739 101.9462 13.23498414 35328
1 55169U 23004AF  23259.58334491  .00014287  00000-0  32787-1 0  9993
2 55169  87.9524 190.3877 0002100 117.1133  75.1960 13.25258382  5369
1 55170U 23004AG  23259.91667824 -.00029955  00000-0 -77385-1 0  9994
2 55170  87.9217 205.4372 0001886  90.1450  94.2986 13.17694696 35322
1 55171U 23004AH  23259.58334491 -.00723814  00000-0 -22901+0 0  9996
2 55171  86.7736 182.0412 0003862 106.3543  76.7804 14.43047287  5699
1 55172U 23004AJ  23259.45155141  .00000067  00000-0  15430-3 0  9995
2 55172  87.8954 220.6736 0002548  57.6095 302.5279 13.11416134 34189
1 55173U 23004AK  23259.91667824 -.00029622  00000-0 -76618-1 0  9996
2 55173  87.9198 205.4468 0002219  76.4591 137.9234 13.17608937 35327
1 55174U 23004AL  23259.42242213  .00001135  00000-0  31678-2 0  9999
2 55174  87.8952 220.6532 0000904  89.2011 270.9221 13.11413610 34143
1 55175U 23004AM  23259.44253691  .00000048  00000-0  98662-4 0  9994
2 55175  87.8948 220.6582 0001328  94.1322 265.9958 13.11413063 34137
1 55176U 23004AN  23259.43726632  .00001017  00000-0  28350-2 0  9996
2 55176  87.8930 220.6751 0001894  87.1448 272.9896 13.11411507 34170
1 55177U 23004AP  23259.91667824  .00000013  00000-0  00000+0 0  9991
2 55177  87.9350 205.4531 0002725  81.0872 128.6960 13.24613487 35325
1 55178U 23004AQ  23259.91667824  .00000013  00000-0  00000+0 0  9992
2 55178  87.9392 205.4023 0001990  74.2138 226.1201 13.23645089 35379
1 55179U 23004AR  23259.91667824  .00000013  00000-0  00000+0 0  9993
2 55179  87.9337 205.3882 0005191 124.0254 141.4518 13.21260853 35326
1 55796U 23029A   23259.58334491 -.01150272  00000-0 -65240+0 0  9992
2 55796  87.1239 116.8618 0003002 116.7219 143.0456 14.13265809 29011
1 55797U 23029B   23259.91667824 -.01201440  00000-0 -68824+0 0  9994
2 55797  87.1539 116.7268 0002198  96.6294   1.2584 14.12869802 29041
1 55798U 23029C   23259.91667824 -.01141102  00000-0 -64586+0 0  9994
2 55798  87.1384 116.6999 0003343  88.4886 214.5456 14.13351848 29043
1 55799U 23029D   23259.91667824 -.01132365  00000-0 -64327+0 0  9999
2 55799  87.1491 116.6882 0003207 107.1249  34.5681 14.13128457 29043
1 55800U 23029E   23259.58334491 -.01174829  00000-0 -68739+0 0  9998
2 55800  87.1364 116.9594 0002451 108.8674 269.4682 14.11642175  5587
1 55801U 23029F   23259.58334491 -.01157931  00000-0 -65456+0 0  9997
2 55801  87.1379 116.8128 0003590  96.7692 165.3165 14.13467064 29014
1 55802U 23029G   23259.91667824  .00000849  00000-0  20413-2 0  9993
2 55802  87.9280 129.6616 0001611 111.4965  50.3983 13.21240543 28163
1 55803U 23029H   23259.23196074  .00000044  00000-0  76731-4 0  9996
2 55803  87.9259 144.9718 0003250  82.3208 277.8293 13.19724362 26352
1 55804U 23029J   23259.91667824  .00005217  00000-0  12723-1 0  9993
2 55804  87.9257 129.6767 0002003  96.9542  34.7499 13.21133476 28164
1 55805U 23029K   23259.22721235  .00000026  00000-0  32180-4 0  9990
2 55805  87.9196 145.0116 0002203  77.4608 282.6772 13.19725229 26364
1 55806U 23029L   23259.75319912 -.00000011  00000-0 -60902-4 0  9993
2 55806  87.9261 144.8697 0003020  76.4923 283.6546 13.19724605 27117
1 55807U 23029M   23259.91667824  .00000013  00000-0  00000+0 0  9998
2 55807  87.9192 129.6343 0002161  35.2163 276.9025 13.19651679 28167
1 55808U 23029N   23259.21772715  .00000019  00000-0  16296-4 0  9993
2 55808  87.9190 145.0008 0002558  74.6539 285.4876 13.19731176 26359
1 55809U 23029P   23259.59289832  .00000064  00000-0  12714-3 0  9998
2 55809  87.9261 144.8974 0002408  84.7169 275.4238 13.19724383 26402
1 55810U 23029Q   23259.24380114  .00001373  00000-0  33977-2 0  9994
2 55810  87.9231 144.9707 0002417  71.4905 288.6491 13.19725727 26340
1 55811U 23029R   23259.91667824  .00000013  00000-0  00000+0 0  9993
2 55811  87.9247 129.6023 0002636  79.6903  36.0511 13.21168560 28169
1 55812U 23029S   23259.73742370 -.00001013  00000-0 -25629-2 0  9994
2 55812  87.9150 144.8806 0002742  72.7375 287.4058 13.19727577 27136
1 55813U 23029T   23259.20194988  .00000082  00000-0  17339-3 0  9996
2 55813  87.9258 144.9760 0002272  74.2046 285.9337 13.19724461 26340
1 55814U 23029U   23259.91667824  .00000013  00000-0  00000+0 0  9996
2 55814  87.9157 129.6162 0001843  89.5435 104.3713 13.20406693 28114
1 55815U 23029V   23259.91667824  .00013927  00000-0  33904-1 0  9996
2 55815  87.9237 129.5411 0004299  80.5798 122.2916 13.21291643 28146
1 55816U 23029W   23259.91667824  .00000013  00000-0  00000+0 0  9998
2 55816  87.9113 129.6072 0001194 188.7099 111.8459 13.18281251 28168
1 55817U 23029X   23259.91667824 -.01026330  00000-0 -62162+0 0  9999
2 55817  87.1388 117.0155 0003340  82.9630 228.8921 14.09841906 29039
1 55818U 23029Y   23259.19720443  .00000137  00000-0  30957-3 0  9992
2 55818  87.9264 144.9806 0001810  42.3052 317.8220 13.19728917 26350
1 55819U 23029Z   23259.72317593 -.00000506  00000-0 -12971-2 0  9997
2 55819  87.9246 144.8259 0002549  75.4586 284.6830 13.19725127 27114
1 55820U 23029AA  23259.91667824  .00006458  00000-0  15749-1 0  9990
2 55820  87.9223 129.5750 0003733  90.3593 279.1855 13.21162362 28179
1 55821U 23029AB  23259.91667824  .00000013  00000-0  00000+0 0  9994
2 55821  87.9190 129.6485 0001504 147.6858  84.5669 13.19842230 28136
1 55822U 23029AC  23259.91667824  .00000013  00000-0  00000+0 0  9995
2 55822  87.9394 129.6541 0001353 110.3313 221.3275 13.24357159 28200
1 55823U 23029AD  23259.58334491 -.01038033  00000-0 -60192+0 0  9994
2 55823  87.1123 117.1053 0002926  99.5489  37.0378 14.12261659  5705
1 55824U 23029AE  23259.91667824 -.01031411  00000-0 -61713+0 0  9994
2 55824  87.1307 116.9940 0002658  84.3341 195.9802 14.10527696 29035
1 55825U 23029AF  23259.91667824  .00000013  00000-0  00000+0 0  9998
2 55825  87.9285 129.6249 0003256  91.5978  84.5871 13.22327058 28156
1 55826U 23029AG  23259.58334491 -.01011847  00000-0 -58206+0 0  9994
2 55826  87.1126 117.1252 0004146  74.3432  78.5496 14.12608305  5644
1 55827U 23029AH  23259.58334491 -.01007239  00000-0 -61391+0 0  9994
2 55827  87.1303 117.2059 0002068  91.8550 143.9904 14.09434978  5723
1 55828U 23029AJ  23259.91667824 -.01033187  00000-0 -60208+0 0  9998
2 55828  87.1249 116.9872 0003661  85.4646 318.6535 14.11974868 29038
1 55829U 23029AK  23259.91667824  .00000013  00000-0  00000+0 0  9992
2 55829  87.9066 129.6250 0001287 116.3517 247.8690 13.16784151 28186
1 55830U 23029AL  23259.71843701  .00000096  00000-0  20855-3 0  9997
2 55830  87.9265 144.8783 0001978  86.7734 273.3625 13.19723075 27101
1 55831U 23029AM  23259.91667824 -.01072167  00000-0 -66138+0 0  9991
2 55831  87.1377 117.0487 0003509  85.6345 116.2067 14.08987608 29031
1 55832U 23029AN  23259.23986994  .00000101  00000-0  21990-3 0  9996
2 55832  87.9160 145.0242 0002165  83.1017 277.0362 13.19721859 26357
1 55833U 23029AP  23259.91667824  .00008013  00000-0  19480-1 0  9999
2 55833  87.9281 129.6337 0000920 119.9089 351.4541 13.21384834 28156
1 55834U 23029AQ  23259.25563523  .00000163  00000-0  37585-3 0  9994
2 55834  87.9180 144.9953 0002003  61.2898 298.8435 13.19730382 26378
1 55835U 23029AR  23259.24775189  .00000240  00000-0  56799-3 0  9991
2 55835  87.9170 145.0045 0002387  82.0071 278.1332 13.19724276 26294
1 56046U 23043A   23259.76150468  .00002136  00000-0  22403-3 0  9997
2 56046  86.8918  75.1862 0005129  64.0830 296.0925 14.89054947 27036
1 56047U 23043B   23259.54920798  .00002259  00000-0  23687-3 0  9996
2 56047  86.8955  75.3418 0004715  80.2825 279.8934 14.89082255 26098
1 56048U 23043C   23259.59071788  .00002234  00000-0  23457-3 0  9996
2 56048  86.8887  75.2326 0001126 152.7856 207.3430 14.89045458 27016
1 56049U 23043D   23259.91667824  .00043682  00000-0  10540+0 0  9992
2 56049  87.9263  83.9248 0002794  79.4122 323.2096 13.21715311 26460
1 56050U 23043E   23259.78264539 -.00002449  00000-0 -26379-3 0  9994
2 56050  86.8970  75.2885 0001759 115.6144 244.5264 14.89010837 27035
1 56051U 23043F   23259.58334491  .00040088  00000-0  96600-1 0  9999
2 56051  87.9156  84.0016 0002798  74.8787 211.9546 13.21828901  5492
1 56052U 23043G   23259.91667824  .00000013  00000-0  00000+0 0  9997
2 56052  87.9415  83.9470 0002578  56.5977  50.4311 13.28651611 26462
1 56053U 23043H   23259.58872687 -.00000084  00000-0 -25761-3 0  9991
2 56053  87.8950  99.2568 0001981  82.1703 277.9652 13.15546072 25220
1 56054U 23043J   23259.91667824  .00000013  00000-0  00000+0 0  9999
2 56054  87.9296  83.9539 0001228 111.7842  46.9558 13.24751851 26470
1 56055U 23043K   23259.74562484  .00000361  00000-0  35350-4 0  9994
2 56055  86.8977  75.3026 0004045  91.6567 268.5123 14.89051699 27039
1 56056U 23043L   23259.55310500  .00002540  00000-0  26700-3 0  9993
2 56056  86.8894  75.2439 0000595  60.4153 299.7133 14.89061195 26090
1 56057U 23043M   23259.78339784  .00001251  00000-0  13010-3 0  9992
2 56057  86.8944  75.2147 0001920 137.2879 222.8497 14.89031640 27031
1 56058U 23043N   23259.73964885  .00002241  00000-0  23514-3 0  9994
2 56058  86.8896  75.1601 0001616  94.6927 265.4484 14.89071780 27032
1 56059U 23043P   23259.91667824  .00048593  00000-0  11707+0 0  9995
2 56059  87.9153  83.9329 0002713  74.7673 117.5662 13.21782996 26487
1 56060U 23043Q   23259.91667824  .00043732  00000-0  10547+0 0  9998
2 56060  87.9176  83.9309 0003241 102.2248 150.3285 13.21745468 26494
1 56061U 23043R   23259.91667824  .00000470  00000-0  11041-2 0  9994
2 56061  87.9194  83.9348 0002678  85.6480 196.2501 13.21962236 26475
1 56062U 23043S   23259.73403812  .00002240  00000-0  23495-3 0  9994
2 56062  86.9013  75.3658 0001918 118.4634 241.6786 14.89085689 27021
1 56063U 23043T   23259.91667824  .00000013  00000-0  00000+0 0  9999
2 56063  87.9304  83.9325 0001335  58.3798 247.4532 13.25475549 26511
1 56064U 23043U   23259.74179194  .00002300  00000-0  24144-3 0  9999
2 56064  86.9006  75.3671 0002403  90.0005 270.1497 14.89056758 27028
1 56065U 23043V   23259.51784565  .00002170  00000-0  22764-3 0  9990
2 56065  86.8952  75.3716 0003044 112.7802 247.3747 14.89058653 26082
1 56066U 23043W   23259.52042625  .00002351  00000-0  24693-3 0  9990
2 56066  86.9008  75.5373 0001124 123.6021 236.5313 14.89045760 26093
1 56067U 23043X   23259.91667824  .00000013  00000-0  00000+0 0  9993
2 56067  87.9334  83.9276 0003702  91.6632 266.1888 13.27549339 26478
1 56068U 23043Y   23259.91667824  .00000013  00000-0  00000+0 0  9994
2 56068  87.9403  83.9248 0003660  73.9139 323.5436 13.27854093 26487
1 56069U 23043Z   23259.59275717  .00002232  00000-0  23418-3 0  9992
2 56069  86.8979  75.3691 0003947 108.3822 251.7834 14.89067886 27009
1 56070U 23043AA  23259.54225280  .00000166  00000-0  40687-3 0  9990
2 56070  87.8923  99.2769 0001702  80.4050 279.7273 13.15548784 24342
1 56071U 23043AB  23259.53800895  .00000137  00000-0  32959-3 0  9992
2 56071  87.8947  99.2439 0002110  86.4623 273.6749 13.15552221 24341
1 56072U 23043AC  23259.53378107  .00000108  00000-0  25394-3 0  9992
2 56072  87.9054  99.2372 0002181  78.5890 281.5485 13.15551745 24338
1 56073U 23043AD  23259.52955250  .00000020  00000-0  18385-4 0  9998
2 56073  87.8949  99.2607 0001991 105.9291 254.2059 13.15551819 24336
1 56074U 23043AE  23259.52535041  .00000035  00000-0  59559-4 0  9995
2 56074  87.8940  99.2588 0002430  79.3796 280.7608 13.15544832 24318
1 56075U 23043AF  23259.58338761 -.00000110  00000-0 -32749-3 0  9999
2 56075  87.8942  99.2409 0001737  67.9427 292.1888 13.15549634 24318
1 56076U 23043AG  23259.57606368 -.00000037  00000-0 -13290-3 0  9998
2 56076  87.8924  99.3203 0001878 105.8242 254.3096 13.15546059 24347
1 56077U 23043AH  23259.56762481  .00000060  00000-0  12605-3 0  9990
2 56077  87.8930  99.2837 0001752 104.5943 255.5382 13.15547270 24327
1 56078U 23043AJ  23259.56338152  .00000070  00000-0  15174-3 0  9990
2 56078  87.8898  99.2420 0001582 102.3688 257.7619 13.15551747 24345
1 56079U 23043AK  23259.55912723  .00000165  00000-0  40313-3 0  9990
2 56079  87.8951  99.2651 0001976 101.0003 259.1349 13.15553559 24334
1 56080U 23043AL  23259.78309577  .00000173  00000-0  42523-3 0  9998
2 56080  87.8948  99.1948 0001432 101.2052 258.9239 13.15550612 24368
1 56081U 23043AM  23259.55071045  .00000224  00000-0  56044-3 0  9990
2 56081  87.8878  99.2796 0001711  61.3331 298.7971 13.15551212 24349
1 56710U 23068A   23259.63148370  .00005097  00000-0  10186-1 0  9999
2 56710  88.1063 107.8178 0005084 132.1314 228.0260 13.34368435 17346
1 56711U 23068B   23259.58098806  .00001558  00000-0  20977-3 0  9991
2 56711  86.7180  91.5815 0015889 157.8040 202.3872 14.78456822 17747
1 56712U 23068C   23259.59234027  .00001573  00000-0  21246-3 0  9997
2 56712  86.7138  91.5238 0015715 159.9890 200.1951 14.78335981 17740
1 56713U 23068D   23259.63421973 -.00014744  00000-0 -29518-1 0  9995
2 56713  88.0878 105.6633 0004169 139.4746 220.6706 13.34631580 17523
1 56714U 23068E   23259.83334491  .00000013  00000-0  00000+0 0  9991
2 56714  87.9200  99.0445 0010655 186.1447 109.3230 13.30895323 17902
1 56715U 23068F   23259.78082144  .00005540  00000-0  75447-3 0  9992
2 56715  86.7178  91.4890 0016048 157.1956 202.9981 14.78478297 18464
1 56716U 23068G   23259.53872747  .00001655  00000-0  22394-3 0  9998
2 56716  86.7158  91.5853 0014586 163.5023 196.6676 14.78315465 17730
1 56717U 23068H   23259.77385771  .00001568  00000-0  21488-3 0  9997
2 56717  86.7161  91.5333 0012798 161.0428 199.1271 14.77753084 18454
1 56718U 23068J   23259.83334491  .00000014  00000-0  00000+0 0  9996
2 56718  87.8501  98.5381 0010868 187.6056   0.8393 13.40250650 18006
1 56719U 23068K   23259.83334491  .00000014  00000-0  00000+0 0  9997
2 56719  87.8462  98.4908 0010763 187.9958  92.8916 13.39117835 17977
1 56720U 23068L   23259.83334491  .00002154  00000-0  46736-2 0  9995
2 56720  87.9478  99.4711 0004385 205.2043 165.3357 13.28721754 17886
1 56721U 23068M   23259.53103964  .00001639  00000-0  22236-3 0  9999
2 56721  86.7152  91.5721 0015059 160.4972 199.6827 14.78201425 17730
1 56722U 23068N   23259.53443233  .00001741  00000-0  23648-3 0  9998
2 56722  86.7191  91.6351 0015234 159.3592 200.8248 14.78167670 17739
1 56723U 23068P   23259.83334491  .00000014  00000-0  00000+0 0  9992
2 56723  87.8661  98.6944 0010482 193.9624  22.4153 13.35996954 17931
1 56724U 23068Q   23259.58334491 -.00011374  00000-0 -24797-1 0  9999
2 56724  87.9441  99.4465 0006454 189.6501 221.3107 13.28993981  5414
1 56725U 23068R   23259.63185618  .00001908  00000-0  23060-3 0  9995
2 56725  86.6716  90.7201 0011551 154.3114 205.8685 14.83149962 18484
