1 40023U 14033P   23259.46882546  .00008014  00000-0  65437-3 0  9995
2 40023  98.0549 221.1055 0011682 354.0564   6.0518 14.99641095502585
1 40026U 14033S   23259.42465513  .00016695  00000-0  12059-2 0  9990
2 40026  98.0512 228.6817 0004487 327.5366  32.5582 15.04149635502389
1 40027U 14033T   23259.46392323  .00014275  00000-0  10647-2 0  9996
2 40027  98.0688 224.0550 0009883 357.4231   2.6941 15.02947061502177
1 40029U 14033V   23259.33797652  .00015901  00000-0  11915-2 0  9994
2 40029  98.0624 222.9489 0008707 357.0411   3.0760 15.02753511502154
1 40031U 14033X   23259.39397762  .00013394  00000-0  11388-2 0  9999
2 40031  98.0501 219.8814 0011901 354.8920   5.2177 14.97922178501951
1 40033U 14033Z   23259.47376433  .00013204  00000-0  97675-3 0  9996
2 40033  98.1011 232.8560 0011622 324.0582  35.9859 15.03266550502463
1 40035U 14033AB  23259.47029070  .00012388  00000-0  93295-3 0  9996
2 40035  98.0544 225.4152 0005394 300.4974  59.5716 15.02643148502210
1 40036U 14033AC  23259.42396671  .00016096  00000-0  11846-2 0  9997
2 40036  98.0559 227.1902 0005793  32.5379 327.6201 15.03447711502244
1 40038U 14033AE  23259.42207140  .00015132  00000-0  11477-2 0  9991
2 40038  98.0619 225.4806 0009718 314.7625  45.2808 15.02298552502216
1 40040U 14033AG  23259.48352958  .00016533  00000-0  10604-2 0  9995
2 40040  98.0958 243.4239 0008909 308.5443  51.4985 15.08554628502888
1 40041U 14033AH  23259.42738017  .00007453  00000-0  53927-3 0  9991
2 40041  98.0566 224.0558 0011705 357.6572   2.4596 15.04276689502168
1 40122U 98067EU  15074.45434234  .20849438  12425-4  13950-2 0  9991
2 40122 051.5795 167.7115 0002901 280.8788 079.5697 16.40664206 68321
1 40123U 98067EV  15062.81953217  .27389394  12478-4  14451-2 0  9998
2 40123 051.6101 227.2256 0004263 278.9630 085.4676 16.42489813 66499
1 40124U 98067EW  14348.81616971  .27123641  12478-4  65353-3 0  9997
2 40124 051.5970 272.0086 0010283 113.7467 247.9095 16.45361344 72099
1 40125U 98067EX  15031.99324259  .25650435  12409-4  87987-3 0  9997
2 40125 051.6072 026.7088 0007239 209.5316 152.1045 16.44075446 61650
1 40126U 98067EY  15007.52108037  .26867146  00000-0  14109-2 0  9999
2 40126 051.3324 152.2331 0396501 290.7458 062.2434 16.43583935 57931
1 40127U 98067EZ  14347.14380366  .21866221  12291-4  17833-2 0  9995
2 40127 051.6253 281.1499 0004972 192.0944 168.6835 16.39006066 53847
1 40131U 98067FA  14365.90966737  .13851217  12203-4  16537-2 0  9999
2 40131 051.6048 186.7651 0007248 231.9434 128.5828 16.35604541 20670
1 40132U 98067FB  15072.67229138  .11097697  12258-4  17862-2 0  9991
2 40132 051.6069 174.9053 0003844 333.5943 173.4378 16.32838194 31986
1 40133U 98067FC  15064.57526676  .28515289  13035-4  22594-3 0  9992
2 40133 051.5825 215.6941 0021662 338.5505 022.4064 16.50608960 67027
1 40134U 98067FD  15020.28451997  .16691156  12333-4  18447-2 0  9992
2 40134 051.6136 087.3180 0002140 346.7565 013.6892 16.36404772 59997
1 40139U 98067FE  15015.71379839  .06133341  00000-0  13599-2 0  9996
2 40139 051.6195 110.8182 0001180 208.2101 151.8485 16.29554119 20749
1 40140U 98067FF  15063.14698307  .13772871  12393-4  48010-3 0  9996
2 40140 051.6113 224.8850 0018189 255.4791 105.6477 16.42508635 28243
1 40422U 98067FN  15287.40141468  .12345523  12126-4  18481-2 0  9998
2 40422  51.6214 176.1519 0007733 223.4824 136.5742 16.33460552 44986
1 40423U 98067FP  15219.24792936  .05581950  12028-4  14320-2 0  9995
2 40423 051.6133 170.3481 0007348 241.2769 119.0243 16.27917079 34197
1 40427U 98067FQ  15285.15460855  .07377933  12094-4  12919-2 0  9995
2 40427  51.6373 188.1715 0005804 192.9707 167.8607 16.31966186 44658
1 40428U 98067FR  15275.79961822  .14624565  12690-4  38091-3 0  9991
2 40428  51.5892 238.2398 0032703  63.0542 305.4059 16.41708286 43152
1 40429U 98067FS  15235.53056087  .23361188  12377-4  12600-2 0  9996
2 40429 051.6200 086.3429 0010089 244.8506 117.2578 16.41777694 36769
1 40430U 98067FT  15178.95135228  .16942075  12456-4  98957-3 0  9995
2 40430 051.6189 016.0568 0008449 275.0702 086.0600 16.41584100 27860
1 40451U 98067FU  15286.21737536  .23981306  12451-4  98879-3 0  9993
2 40451  51.6016 180.9501 0006721 248.3966 111.7479 16.43343702 44824
1 40452U 98067FV  15361.45764670  .23172324  12744-4  17111-3 0  9990
2 40452  51.6257 160.7276 0004121 262.8479  98.4188 16.52600806 56595
1 40453U 98067FW  15229.70360758  .30626975  12651-4  30230-3 0  9999
2 40453 051.6172 117.7448 0012616 098.1122 357.7619 16.50103219 35825
1 40454U 98067FX  15289.07090480  .13466187  12217-4  19252-2 0  9994
2 40454  51.5995 170.0820 0007749 264.0906  96.1726 16.33901976 45213
1 40459U 98067GC  15249.77497456  .23654753  12692-4  94902-3 0  9998
2 40459  51.6238  14.2388 0015741 330.1812  30.8394 16.42221032 39014
1 40460U 98067GD  15272.01121618  .11227136  12230-4  14645-2 0  9998
2 40460  51.6201 261.8027 0002921 124.3479 236.3820 16.34872614 42496
1 40722U 98067GE  16065.55779821  .47056096  12829-4  35318-3 0  9993
2 40722  51.6158 187.3602 0006346 336.4790  29.3138 16.52362311 37030
1 40723U 98067GF  16139.35447088  .42996614  12834-4  39618-3 0  9998
2 40723  51.6016 169.3152 0016192 306.1352  54.2420 16.50184805 48594
1 40724U 98067GG  16175.71548561  .09227620  12232-4  34073-3 0  9996
2 40724  51.6076 338.4730 0023788 237.2598 129.2091 16.41376137 54378
1 40725U 98067GH  16150.36970261  .14796048  12413-4  11119-2 0  9994
2 40725  51.6148 108.5624 0004633 287.2102  73.5048 16.39693208 50356
1 40726U 98067GJ  16198.36113068  .09099678  12342-4  11474-2 0  9995
2 40726  51.6188 223.5089 0008199 305.9387  54.5797 16.35073135 57778
1 40727U 98067GK  16174.51699118  .13529802  12497-4  99088-3 0  9993
2 40727  51.6085 344.8259 0014402 298.1778  62.3735 16.39485529 54024
1 40728U 98067GL  16172.40976578  .11162844  12545-4  29340-3 0  9993
2 40728  51.6397 359.3057 0008754 271.1069  93.4781 16.45121522 53656
1 40729U 98067GM  16202.94824483  .87005214  12670-4  39272-3 0  9998
2 40729  51.5890 194.7247 0013262 168.5360 192.8102 16.55509029 58579
1 40736U 98067GN  16039.02904015  .12989438  12655-4  21586-3 0  9992
2 40736  51.6394 327.5662 0003320 306.5170  54.1203 16.47974792 32580
1 40737U 98067GP  16222.67724861  .26594290  12566-4  63798-3 0  9992
2 40737  51.6047  96.3055 0008789 274.7108  85.4393 16.45560075 61621
1 40738U 98067GQ  16222.85009816  .19511452  12536-4  51589-3 0  9992
2 40738  51.6032  90.5633 0007986 267.2101  93.6970 16.45183613 61533
1 40739U 98067GR  16222.49857937  .09461812  12449-4  18591-3 0  9990
2 40739  51.6131  94.9874 0018850 251.5887 111.1438 16.45332099 61458
1 40740U 98067GS  16237.32497437  .18616894  12560-4  50485-3 0  9999
2 40740  51.6112  17.7659 0014009 280.1702  83.0800 16.44305697 63780
1 40741U 98067GT  16212.79152589  .12874842  12389-4  29159-3 0  9996
2 40741  51.6101 145.0511 0017155 239.5802 120.7977 16.44799109 59891
1 40950U 98067HB  16265.88789427  .20582812  12289-4  30555-3 0  9996
2 40950  51.6051 243.2750 0018189 175.9017 189.7154 16.47003763 55404
1 40951U 98067HC  16276.76414476  .53405637  13754-4  16405-3 0  9996
2 40951  51.6321 187.0225 0066889 337.6369  23.7900 16.51800510 57121
1 40952U 98067HD  16287.83599325  .06081776  12235-4  75080-3 0  9993
2 40952  51.6222 131.1440 0013795 261.9314  98.0393 16.35026669 58835
1 40953U 98067HE  16291.21312115  .11586964  12535-4  37363-3 0  9991
2 40953  51.6378 115.4233 0014651 279.7922  82.3163 16.43384270 59349
1 40954U 98067HF  16269.42466140  .06846346  12214-4  59436-3 0  9994
2 40954  51.6134 224.8835 0009759 189.2144 171.2907 16.38327062 55932
1 40955U 98067HG  16234.95780760  .06826490  12366-4  77783-3 0  9993
2 40955  51.6122  43.4303 0006459 323.8227  36.1895 16.36055317 50486
1 40956U 98067HH  16265.22518117  .17390066  12156-4  26753-3 0  9998
2 40956  51.6042 244.8158 0025911 158.9090 201.5900 16.45759519 55241
1 40957U 98067HJ  16143.19605651  .17522001  12488-4  10180-2 0  9990
2 40957  51.6383 158.4347 0002841 328.0391  32.7370 16.41779055 35933
1 40962U 98067HK  16285.78269397  .12971693  12268-4  83020-3 0  9991
2 40962  51.6336 142.1218 0019249 247.2393 114.4131 16.39677844 58363
1 40963U 98067HL  16290.22871241  .08214560  12305-4  80059-3 0  9993
2 40963  51.6156 120.1405 0015098 267.3200  93.7862 16.37055307 59055
1 40979U 98067HM  16284.76106737  .08653240  12330-4  90101-3 0  9992
2 40979  51.6413 149.6107 0005628 280.5106  80.0595 16.36884761 58079
1 40980U 98067HN  16256.54948802  .15759679  12440-4  13392-2 0  9995
2 40980  51.6170 289.6637 0005374  28.5548 331.8089 16.38651230 53695
1 41479U 98067HZ  18105.38459580  .09024299  12245-4  94993-3 0  9992
2 41479  51.6572 247.7635 0010585 249.4096 110.7638 16.36621036109673
1 41480U 98067JA  18108.41998481  .29365034  12631-4  75769-3 0  9995
2 41480  51.5903 234.1920 0009861 304.4876  56.0997 16.45076624110110
1 41481U 98067JB  17334.77617065  .16809613  12434-4  52553-3 0  9990
2 41481  51.6166 233.3710 0007521 225.1371 134.8092 16.44458340 88170
1 41482U 98067JC  17312.53569587  .12083578  12294-4  16127-2 0  9996
2 41482  51.6040 345.8546 0002992  29.1792 330.9399 16.34655709 84693
1 41483U 98067JD  18167.79424370  .23073250  12524-4  26456-3 0  9995
2 41483  51.5697 289.5415 0010562 139.3200 223.3455 16.49380679119324
1 41484U 98067JE  18023.85566400  .18749729  12492-4  73737-3 0  9998
2 41484  51.6059 312.5354 0003784 256.0915 104.5100 16.43905394 96608
1 41486U 98067JG  18095.03837008  .16445790  12525-4  43382-3 0  9993
2 41486  51.6039 309.2783 0005505 253.9664 106.6974 16.45478087107800
1 41487U 98067JH  18070.31675234  .14212785  12501-4  82846-3 0  9995
2 41487  51.6109  75.1635 0003380  16.6517 345.1183 16.41744848103922
1 41563U 98067JM  18042.88747910 +.11885136 +12507-4 +65820-3 0  9994
2 41563 051.6080 221.3421 0008132 293.5961 066.4212 16.41948843097606
1 41564U 98067JN  18225.91639610 +.05544764 +12294-4 +88851-3 0  9993
2 41564 051.6050 355.7323 0014258 321.8055 038.1957 16.32532786126499
1 41565U 98067JP  18096.03238924  .09445108  12367-4  82242-3 0  9991
2 41565  51.6020 296.9742 0010034 275.5763  84.4484 16.38288374106019
1 41566U 98067JQ  17206.27883464 +.05984292 +12224-4 +68643-3 0  9994
2 41566 051.6005 150.4905 0008863 238.1798 121.8364 16.35919912066078
1 41567U 98067JR  18178.40169972  .11398691  12446-4  92239-3 0  9993
2 41567  51.6189 248.8124 0007910 305.1771  54.8513 16.38988334118767
1 41568U 98067JS  18095.08131188  .12437793  12391-4  90652-3 0  9998
2 41568  51.6155 311.8132 0009424 269.3233  90.5330 16.39790798105730
1 41569U 98067JT  18095.60046340 +.08263427 +12312-4 +94260-3 0  9990
2 41569 051.6120 297.1335 0009822 279.7919 080.1997 16.35932588105850
1 41570U 98067JU  17276.23066052  .07821693  11956-4  21580-2 0  9994
2 41570  51.6314 172.6072 0011089 233.3572 126.6600 16.26996484 76726
1 41571U 98067JV  17358.79358663  .07570510  12393-4  99252-3 0  9996
2 41571  51.6107 107.3098 0009920 356.3054   4.2290 16.34648771 89702
1 41572U 98067JW  18059.08879125  .09590036  12472-4  58925-3 0  9996
2 41572  51.6219 132.2961 0002556 327.8609  33.2166 16.41347157 99987
1 41573U 98067JX  18062.65860353  .09928625  12431-4  80990-3 0  9998
2 41573  51.5922 110.2436 0003600   1.2289 358.7449 16.39031415100592
1 41574U 98067JY  18062.82927663  .08399169  12325-4  83007-3 0  9994
2 41574  51.5802 108.9826 0002045  91.6097 269.0366 16.37402810100624
1 41575U 98067JZ  18070.94679928  .20696072  12478-4  12063-2 0  9994
2 41575  51.6104  58.7875 0003218 307.0775  52.9851 16.41747452102008
1 41576U 98067KA  18047.65400982  .07293230  12279-4  11048-2 0  9994
2 41576  51.6201 187.1174 0004788 324.9504  35.0382 16.33417827 98126
1 41577U 98067KB  18070.48609598  .17416888  12466-4  85478-3 0  9990
2 41577  51.6089  71.8929 0001695 227.7940 132.4139 16.43071472101519
1 41578U 98067KC  18059.51962195  .07518372  12317-4  10697-2 0  9992
2 41578  51.6066 119.7414 0005837  20.9767 339.3048 16.34000311 99896
1 41606U 16040H   23008.06500462  .17994078  22934-5  61572-3 0  9998
2 41606  97.1403  75.8721 0010334 319.2758  40.7770 16.43679794365273
1 41608U 16040K   22292.83073079  .06133519  23208-5  22017-2 0  9996
2 41608  97.1654   0.0774 0012098 271.5512  88.4394 16.24751742353134
1 41609U 16040L   23016.46817117  .11225729  23465-5  17271-2 0  9992
2 41609  97.1441  85.5714 0012865 288.6772  71.3128 16.33895182366575
1 41610U 16040M   23078.84713514  .12302716  23931-5  16861-2 0  9995
2 41610  97.1605 141.9789 0010293 253.7217 106.2948 16.35125903375698
1 41611U 16040N   22352.69328558  .04465911  22882-5  92437-3 0  9999
2 41611  97.1181  61.4643 0003066 298.3811  61.7175 16.31162007362457
1 41612U 16040P   23065.57876006  .13255008  23763-5  15873-2 0  9996
2 41612  97.1511 131.8457 0011898 266.8735  93.1202 16.36324854373926
1 41613U 16040Q   23087.33604282  .13923948  23929-5  15533-2 0  9992
2 41613  97.1730 151.4487 0013602 265.7495  94.2249 16.36887364377159
1 41614U 16040R   23015.93028654  .14468758  23873-5  17108-2 0  9995
2 41614  97.1133  83.6880 0009848 249.2428 110.7816 16.36531136366357
1 41615U 16040S   22328.35549806  .04469340  22865-5  20899-2 0  9993
2 41615  97.1412  35.3181 0007691 271.7200  88.3209 16.21622548358571
1 41616U 16040T   22347.17029687  .03707562  22785-5  19684-2 0  9996
2 41616  97.1366  52.5830 0007047 264.3141  95.7345 16.19997156361315
1 41617U 16040U   22319.14534536  .10269263  23561-5  13951-2 0  9990
2 41617  97.1628  26.1237 0009426 281.9902  78.0338 16.35242833357121
1 41618U 16040V   23086.95065410  .11034912  23796-5  15286-2 0  9997
2 41618  97.1657 151.8237 0012984 261.5412  98.4414 16.34903958377116
1 41761U 98067KH  18154.58100078  .08792996  12263-4  92953-3 0  9996
2 41761  51.6029  31.3620 0010502 256.3270 103.6931 16.36585548 98182
1 41762U 98067KJ  18297.65813860 +.04633274 +12113-4 +12191-2 0  9991
2 41762 051.6102 021.6904 0009509 002.2053 357.9008 16.27579428120651
1 41763U 98067KK  18152.14364457  .17380796  12355-4  12196-2 0  9994
2 41763  51.6065  41.4007 0012067 257.6830 102.5693 16.39967936 97796
1 41764U 98067KL  18314.35693980  .11338657  12278-4  11010-2 0  9995
2 41764  51.6147 297.3930 0004800 130.8519 229.2277 16.37516866123220
1 41769U 98067KM  18311.16413517  .17547955  12625-4  58790-3 0  9994
2 41769  51.5984 314.3630 0006556 347.8382  12.0272 16.44264389122712
1 41776U 98067KN  18177.35537988  .11238463  12459-4  78797-3 0  9991
2 41776  51.6078 275.1051 0007720 296.0310  63.9922 16.40171370101713
1 41777U 98067KP  18132.88719735  .13878815  12456-4  67790-3 0  9994
2 41777  51.6070 137.0157 0002336 223.1762 136.9083 16.43100745 94754
1 41782U 98067KQ  18265.14821570 +.12437954 +12466-4 +39039-3 0  9997
2 41782 051.6068 177.2170 0008494 248.1587 111.8538 16.44321266115464
1 41950U 17008C   23063.10172087  .15003667  24269-5  12660-2 0  9998
2 41950  97.2232 138.1064 0011457 274.4853  85.5137 16.39452679337431
1 41951U 17008D   23081.10723428  .15446534  24193-5  12444-2 0  9990
2 41951  97.1990 153.3956 0011789 270.7594  89.2355 16.39697655340016
1 41952U 17008E   23050.99800088  .16844598  24452-5  36673-3 0  9994
2 41952  97.2054 126.1180 0012785 281.3269  78.6597 16.45725098335553
1 41953U 17008F   22347.61432072  .01764756  23706-2  21629-2 0  9999
2 41953  97.2418  66.2129 0006155 297.3760  62.6896 16.08576328325487
1 41955U 17008H   22347.65034326  .05776609  23386-5  19312-2 0  9992
2 41955  97.2253  62.0357 0007920 298.0112  62.0378 16.25723391325238
1 41956U 17008J   23206.11195211  .11838591  24094-5  14037-2 0  9992
2 41956  97.2035 281.0910 0016660 273.0063  86.9328 16.36148998359529
1 41957U 17008K   22331.81507920  .15454591  24402-5  41554-3 0  9998
2 41957  97.2039  49.5649 0011622 276.7204  83.2775 16.44732495322964
1 41958U 17008L   22340.74143654  .03052624  21448-1  28968-2 0  9995
2 41958  97.2513  58.9676 0009038 302.5225  57.5188 16.15877353324252
1 41959U 17008M   23007.55971685  .02579228  13269-1  24372-2 0  9999
2 41959  97.2369  87.5017 0007019 291.9002  68.1538 16.15386535328999
1 41960U 17008N   23032.07421449  .12621667  24412-5  86803-3 0  9994
2 41960  97.2284 110.8491 0006488 270.2372  89.8185 16.41113568332796
1 41961U 17008P   22341.19945794  .06676847  23460-5  17325-2 0  9991
2 41961  97.2141  56.8987 0008131 294.5035  65.5411 16.28615467324244
1 41962U 17008Q   22316.92957665  .08435006  23769-5  17873-2 0  9997
2 41962  97.2316  33.3946 0010112 286.7007  73.3178 16.30749369320489
1 41963U 17008R   22361.45765482  .12947751  24043-5  12285-2 0  9998
2 41963  97.2195  76.8155 0010284 282.6797  77.3352 16.38492647327320
1 41964U 17008S   23009.93860316  .08396415  23408-5  23054-2 0  9994
2 41964  97.2229  90.2432 0007629 294.4575  65.5922 16.27996331329412
1 41965U 17008T   23015.14288041  .11389157  25098-5  16172-2 0  9993
2 41965  97.2579  89.1410 0004538 238.7011 131.2955 16.34947824329874
1 41966U 17008U   23021.64543160  .42658261  25422-5  10838-2 0  9995
2 41966  97.2179  94.6482 0008572 259.6471 234.6999 16.45399332330713
1 41967U 17008V   22308.89936178  .08323624  23427-5  27929-2 0  9991
2 41967  97.2283  26.7304 0009123 291.4059  68.6260 16.25647829319367
1 41968U 17008W   23076.94329130  .34309221  24679-5  70325-3 0  9990
2 41968  97.1924 148.4165 0012691 262.6704 206.3131 16.46073616339154
1 41969U 17008X   22341.14583960  .05615485  23261-5  22792-2 0  9990
2 41969  97.2265  55.1709 0006914 297.1750  62.8836 16.23410034324095
1 41970U 17008Y   22301.50530516  .10818263  24195-5  13660-2 0  9993
2 41970  97.2282  20.6281 0010839 267.7296  92.2761 16.35877851318305
1 41971U 17008Z   22340.87559052  .08903445  23695-5  14536-2 0  9994
2 41971  97.2368  57.1024 0008408 299.4183  60.6273 16.33483262324106
1 41972U 17008AA  23013.35407500  .28302370  25897-5  74572-3 0  9991
2 41972  97.2228  86.4904 0011911 157.7872 202.7144 16.44802089329529
1 41973U 17008AB  23025.07633915  .13999023  24084-5  90493-3 0  9993
2 41973  97.2206 103.4131 0009409 283.2157  76.8093 16.40946406331689
1 41974U 17008AC  23006.45612527  .14994801  24604-5  69360-3 0  9998
2 41974  97.1985  86.5948 0016999 342.4641  17.6071 16.41297435328809
1 41975U 17008AD  23007.97400921  .15190833  24112-5  64828-3 0  9992
2 41975  97.2166  80.8345 0008943 282.8239  77.2063 16.42818723328577
1 41976U 17008AE  23066.06140468  .21223493  23898-5  13079-2 0  9992
2 41976  97.2096 141.8676 0010772 286.6221  73.4504 16.40946919337082
1 41977U 17008AF  23003.48275040  .15948809  24166-5  79860-3 0  9993
2 41977  97.1911  77.7923 0014377 297.4510  72.2978 16.41323660328159
1 41978U 17008AG  23012.83338757  .34021852  27674-5  48057-3 0  9990
2 41978  97.2006  86.8604 0021545 345.6480 107.2186 16.47223603329423
1 41979U 17008AH  23007.46901250  .14024236  24357-5  67628-3 0  9995
2 41979  97.2367  87.3924 0010973 282.0972  77.9099 16.41985719329061
1 41980U 17008AJ  23078.04276672  .15264798  24261-5  87809-3 0  9999
2 41980  97.2111 153.4793 0011015 275.2694  84.7350 16.41204646339534
1 41981U 17008AK  22331.48492736  .12980554  24078-5  12676-2 0  9997
2 41981  97.2487  50.4637 0010556 292.3560  67.6620 16.38226878322961
1 41982U 17008AL  23006.45605911  .12126825  23873-5  14197-2 0  9991
2 41982  97.2310  88.1962 0008767 287.9628  72.0714 16.36661208327981
1 41983U 17008AM  22357.96740151  .07500983  23452-5  23673-2 0  9999
2 41983  97.2235  74.3854 0008091 287.3066  72.7341 16.26392501326815
1 41984U 17008AN  23036.99600642  .19370935  22847-5  34430-3 0  9994
2 41984  97.2052 114.3635 0009709 349.0115  11.0975 16.47225819333337
1 41985U 17008AP  23046.18648262  .04700157  23154-5  27915-2 0  9995
2 41985  97.2366 122.9448 0006046 287.2084  72.8542 16.18524862334695
1 41986U 17008AQ  23022.62435848  .08507445  23558-5  17646-2 0  9990
2 41986  97.2190 100.9030 0009632 300.6316  59.4028 16.30991185330681
1 41987U 17008AR  23046.47666882  .02540519  10485-1  25008-2 0  9999
2 41987  97.2370 124.6642 0005715 295.9460  64.1237 16.14062087334825
1 41988U 17008AS  23039.78230653  .36041499  24913-5  41235-3 0  9995
2 41988  97.2352 113.4114 0015350 213.0386 155.1432 16.49335855333023
1 41989U 17008AT  23024.81734864  .15865886  24286-5  60572-3 0  9996
2 41989  97.2142 103.0179 0010259 278.4991  81.5148 16.43162363331027
1 41990U 17008AU  23080.30540855  .14203754  24303-5  84460-3 0  9990
2 41990  97.2011 149.5668 0012706 268.0020  91.9825 16.40812839339009
1 42001U 17008BF  23032.13191889  .10279149  23124-5  15488-2 0  9991
2 42001  97.2505 105.5519 0007441 350.3921  11.9020 16.34304314332361
1 42002U 17008BG  22355.18380102  .07130718  23807-5  17082-2 0  9996
2 42002  97.2527  72.6208 0008080 285.1476  74.8924 16.29494995326616
1 42003U 17008BH  23051.91637590  .15377764  24471-5  44704-3 0  9991
2 42003  97.2082 127.3899 0012243 273.1997  86.7904 16.44248317335362
1 42004U 17008BJ  22353.16065207  .06420255  23405-5  20211-2 0  9999
2 42004  97.2269  69.4487 0008217 299.7655  60.2820 16.26418790326098
1 42005U 17008BK  22363.15327628  .13317660  24618-5  98117-3 0  9999
2 42005  97.2274  80.2260 0006159 263.6442  96.4157 16.40798684327827
1 42006U 17008BL  23028.24831693  .17551838  24423-5  64551-3 0  9991
2 42006  97.2230 107.3652 0006731 272.4786  87.5745 16.43793656332086
1 42007U 17008BM  23042.55211073  .07103612  23539-5  23289-2 0  9997
2 42007  97.2343 121.8120 0010233 291.4849  68.5352 16.25886648334478
1 42008U 17008BN  23039.19026591  .14603223  25137-5  12833-2 0  9993
2 42008  97.2308 117.0007 0006666 245.7914 114.2689 16.39290381333830
1 42009U 17008BP  23034.91623828  .35764911  22499-5  52333-3 0  9998
2 42009  97.1979 108.9275 0007314 296.0730  64.4640 16.48606343332961
1 42010U 17008BQ  23071.65683297  .15305099  24417-5  94515-3 0  9994
2 42010  97.2163 145.5778 0010077 267.7947  92.2200 16.41039678337914
1 42011U 17008BR  23024.90302657  .13620950  24324-5  66594-3 0  9996
2 42011  97.2177 102.4233 0012001 279.2304  80.7639 16.41777758330865
1 42012U 17008BS  23039.06977433  .15124187  25604-5  12475-2 0  9993
2 42012  97.2256 116.2975 0008123 221.7813 138.2867 16.39787153333612
1 42013U 17008BT  22342.95026925  .01537139  15544-2  21467-2 0  9999
2 42013  97.2441  57.7901 0006554 298.4683  61.5938 16.06253250324380
1 42014U 17008BU  23037.88996961  .11037946  23719-5  19656-2 0  9995
2 42014  97.2173 111.2361 0009130 283.8162  76.4672 16.32585860333364
1 42018U 17008BY  23018.48258247  .14356311  24229-5  76715-3 0  9992
2 42018  97.2124  91.3501 0011049 279.1495  80.8556 16.41519517329166
1 42019U 17008BZ  23038.28297387  .09944031  23961-5  15460-2 0  9998
2 42019  97.2484 112.8712 0008547 284.4585 114.8549 16.33963292333302
1 42020U 17008CA  23024.73557546  .09177266  23897-5  13285-2 0  9990
2 42020  97.2287 103.8695 0010055 289.1081  70.9127 16.34607923330426
1 42021U 17008CB  23048.66219218  .05790699  23541-5  19623-2 0  9995
2 42021  97.2466 126.8418 0010436 308.9769  51.0592 16.25491666335167
1 42022U 17008CC  22363.25650626  .13273284  23914-5  94763-3 0  9990
2 42022  97.2223  79.7707 0009307 291.1012  68.9293 16.40555930326678
1 42023U 17008CD  23021.46415425  .35978797  24973-5  82483-3 0  9999
2 42023  97.2089  94.5345 0008302 264.2373 218.0836 16.45972646330855
1 42024U 17008CE  22364.84537542  .10628165  23889-5  15864-2 0  9993
2 42024  97.2314  81.8033 0009109 284.1371  75.8913 16.34344361326939
1 42025U 17008CF  23049.74094882  .13288225  24431-5  66951-3 0  9999
2 42025  97.2225 126.3007 0009789 271.1878  88.8302 16.41956729335244
1 42026U 17008CG  23044.17556005  .15193141  24148-5  68105-3 0  9994
2 42026  97.2127 118.0836 0009796 281.8726  78.2777 16.42479165332344
1 42027U 17008CH  23031.24574145  .10540352  24002-5  10645-2 0  9993
2 42027  97.2164 104.2529 0008729 281.0159  79.0158 16.38002517332305
1 42028U 17008CJ  23020.05498315  .50978373  24000-5  42672-3 0  9991
2 42028  97.1999  93.3365 0014113 327.9491 103.7304 16.51607684330486
1 42029U 17008CK  23020.72010795  .18089041  24642-5  39325-3 0  9990
2 42029  97.2170  94.0759 0009237 270.0509  89.9736 16.46152552329905
1 42030U 17008CL  23002.92172543  .08997356  23566-5  23618-2 0  9991
2 42030  97.2260  80.8688 0008674 286.3474  73.6866 16.28471211328264
1 42031U 17008CM  23059.34554978  .88948762  25850-5  44249-3 0  9993
2 42031  97.2199 132.5738 0014454 132.3750 294.2388 16.55547256336696
1 42032U 17008CN  23016.78361660  .13302688  24160-5  89418-3 0  9998
2 42032  97.2241  93.3255 0010482 283.7032  76.3101 16.40627614330196
1 42033U 17008CP  23057.39367631  .07343537  23484-5  20059-2 0  9999
2 42033  97.1961 135.2669 0007750 275.0797  84.9612 16.28052036335313
1 42034U 17008CQ  23019.97486659  .14118309  22607-5  21181-2 0  9992
2 42034  97.2266  92.9144 0006656 333.2683 103.5155 16.34367889330615
1 42035U 17008CR  23028.92139142  .71558946  23157-5  28454-3 0  9990
2 42035  97.2068 107.0895 0013389  30.3180  56.5472 16.57491137330309
1 42036U 17008CS  22357.96834619  .11735706  23866-5  13915-2 0  9997
2 42036  97.2334  75.3661 0009326 291.6794  68.3511 16.36523485326201
1 42037U 17008CT  23010.42899729  .07569677  23682-5  15740-2 0  9990
2 42037  97.2277  90.6762 0008450 290.0793  69.9592 16.31002324329555
1 42038U 17008CU  23036.13907448  .13828503  23651-5  12552-2 0  9992
2 42038  97.1906 112.7594 0010011 293.5068  66.5179 16.38891483333279
1 42039U 17008CV  23015.64054245  .19558927  22711-5  42172-3 0  9998
2 42039  97.2128  95.9382 0007869 321.6981  38.3763 16.46350665329607
1 42040U 17008CW  22360.22152007  .07513358  23815-5  15028-2 0  9992
2 42040  97.2443  75.6512 0008425 288.8017  71.2364 16.31410323326413
1 42041U 17008CX  23024.43790976  .22322978  25256-5  65480-3 0  9999
2 42041  97.2156  97.5393 0005802 258.5902 226.2048 16.44993273331329
1 42042U 17008CY  22356.14304623  .11907536  23798-5  15467-2 0  9990
2 42042  97.2249  74.1939 0008407 287.0220  73.0156 16.35703099326602
1 42043U 17008CZ  23038.56939792  .15219322  24107-5  75686-3 0  9994
2 42043  97.2084 115.8029 0010110 282.1905  77.8263 16.41969559332906
1 42044U 17008DA  23054.06438233  .03840262  23366-5  16273-2 0  9994
2 42044  97.2106 129.3176 0012536 277.9859  82.0009 16.22716876335336
1 42045U 17008DB  22354.82599615  .07895306  23638-5  14578-2 0  9994
2 42045  97.2208  70.0738 0008736 296.0657  63.9739 16.32229149325634
1 42046U 17008DC  22352.18837273  .04686321  23320-5  20758-2 0  9994
2 42046  97.2365  69.0806 0007105 294.7258  65.3293 16.22318789325318
1 42047U 17008DD  22337.67764099  .05133984  23218-5  24212-2 0  9995
2 42047  97.2267  53.1654 0006553 291.3167  68.7423 16.21536134322946
1 42048U 17008DE  23087.75882437  .15109801  24382-5  64592-3 0  9996
2 42048  97.2042 161.3162 0014237 270.4323  89.5346 16.42075425340224
1 42049U 17008DF  23056.60390729  .08799784  27728-5  22190-3 0  9997
2 42049  97.4857 132.3854 0055857  63.9006 294.8285 16.37995814335036
1 42050U 17008DG  23038.81626695  .14921416  24387-5  54368-3 0  9992
2 42050  97.2174 116.7475 0010039 275.4369  84.5787 16.43414231333707
1 42051U 17008DH  23019.50828649  .13485280  24127-5  10433-2 0  9990
2 42051  97.2418 101.1037 0010425 289.7740  70.2435 16.40067228328513
1 42850U 17042AB  22150.71585566  .09072912  21673-5  11499-2 0  9996
2 42850  96.7919 353.4815 0018748 283.1036  76.8170 16.35399958274361
1 42851U 17042AC  22136.71422018  .10248545  21554-5  13547-2 0  9996
2 42851  96.7871 341.5245 0011472 262.4277  97.5718 16.35426405272306
1 42852U 17042AD  22076.48612191  .16965805  21290-5  79541-3 0  9992
2 42852  96.7660 285.5890 0013260 312.3825  49.6439 16.41788060263074
1 42853U 17042AE  22141.17529346  .08241864  21519-5  19800-2 0  9999
2 42853  96.8025 342.3788 0011396 220.5252 139.1753 16.29361761272739
1 42854U 17042AF  22117.35213095  .02590556  10985-1  27184-2 0  9998
2 42854  96.8036 323.3175 0006640 288.3106  71.7458 16.13208862269304
1 42855U 17042AG  22095.55905104  .07791091  21016-5  18107-2 0  9993
2 42855  96.7928 305.2492 0005639 283.0425  77.0241 16.29887846266115
1 42856U 17042AH  22174.01573527  .45230620  22520-5  72754-3 0  9991
2 42856  96.7742  16.1119 0011257 259.3562 100.6596 16.47643963278024
1 42857U 17042AJ  22088.24429737  .30242881  21834-5  37162-3 0  9991
2 42857  96.7786 299.1852 0011432 278.0407  84.1179 16.49283340265076
1 42858U 17042AK  22104.83654269  .03855088  20861-5  22103-2 0  9992
2 42858  96.8077 314.6962 0004663 256.8411 103.2359 16.19023150267593
1 42859U 17042AL  22102.54099484  .04298443  20980-5  22283-2 0  9999
2 42859  96.8213 310.5304 0004120 261.7306  98.3517 16.20358581267082
1 42860U 17042AM  22157.07980682  .03236458  20697-5  21590-2 0  9990
2 42860  96.8045 359.0882 0011987 281.1009  78.8931 16.16806478275306
1 42861U 17042AN  22025.08506908  .13077463  21905-5  55845-3 0  9995
2 42861  96.7957 243.3302 0008331 268.7995  91.2353 16.42898323255522
1 42862U 17042AP  22165.97665803  .15526140  22217-5  29835-3 0  9999
2 42862  96.7843   7.9158 0011426 257.3171 102.6857 16.46590885276726
1 42863U 17042AQ  22084.86416038  .12012614  21502-5  58257-3 0  9991
2 42863  96.7677 294.0086 0009435 278.7596  81.5662 16.42175969264382
1 42864U 17042AR  22097.49225442  .17985469  22707-5  54286-3 0  9990
2 42864  96.7920 309.4306 0008726 246.4753 113.5634 16.44504549266591
1 42865U 17042AS  22240.31357400  .96995378  24505-5  40270-3 0  9995
2 42865  96.7592  82.7896 0008334 258.4787 187.2843 16.57397452288554
1 42866U 17042AT  22233.03944338  .16961104  21971-5  32843-3 0  9992
2 42866  96.7710  73.0822 0012658 266.4623  93.5233 16.46403289287231
1 42867U 17042AU  22164.03594206  .13556692  21918-5  53243-3 0  9998
2 42867  96.7752   6.4705 0011280 260.2550  99.7479 16.42891835276455
1 42868U 17042AV  22092.24802449  .15167793  23023-5  90302-3 0  9991
2 42868  96.8006 302.4862 0005052 243.8181 116.2602 16.41896749265627
1 42869U 17042AW  22147.50738961  .03222080  20781-5  18541-2 0  9999
2 42869  96.7963 351.1371 0008646 256.0676 103.9652 16.18902507273915
1 42870U 17042AX  22231.17374591  .52458157  21583-5  36848-3 0  9995
2 42870  96.7669  71.4086 0012982 288.5923 167.1278 16.52986987286954
1 42871U 17042AY  22176.41629699  .88162407  26878-5  42854-3 0  9998
2 42871  96.7745  17.8269 0010605 228.8889 213.7360 16.55996967278341
1 42872U 17042AZ  22186.08790070  .27175422  20911-5  41231-3 0  9999
2 42872  96.7571  27.3379 0013134 342.1733  22.1576 16.47788764279847
1 42873U 17042BA  22137.68619706  .17991412  21831-5  54956-3 0  9992
2 42873  96.7748 341.4342 0015258 259.0034 100.9553 16.43592492272371
1 42874U 17042BB  22262.32872086  .13216810  22169-5  10292-2 0  9992
2 42874  96.8047  92.3381 0008212 256.0492 103.9896 16.40278132291123
1 42875U 17042BC  22151.02370067  .01938760  34346-2  19361-2 0  9994
2 42875  96.7958 354.1365 0007014 162.2885 197.8647 16.12019226274424
1 42876U 17042BD  22081.46162543  .15084753  22063-5  91438-3 0  9994
2 42876  96.8021 293.1417 0008858 261.8636  98.1661 16.41293796264026
1 42877U 17042BE  22167.93042916  .08154652  21346-5  15284-2 0  9998
2 42877  96.7843   9.7508 0015624 292.9619  67.0029 16.31784118277013
1 42878U 17042BF  22093.93730815  .07449395  21001-5  19759-2 0  9998
2 42878  96.7831 303.7754 0008162 280.2333  79.8042 16.28376123265879
1 42879U 17042BG  22014.01081559  .28642857  20569-5  46738-3 0  9992
2 42879  96.7729 232.3096 0012383  20.0654 340.1127 16.47433998253823
1 42880U 17042BH  22193.78178238  .15639786  21982-5  47363-3 0  9995
2 42880  96.7940  30.0062 0012004 267.7035  92.2894 16.44072131280718
1 42882U 17042BK  22082.80656305  .12952101  21674-5  72465-3 0  9998
2 42882  96.7750 294.7278 0009691 270.8911  89.1280 16.41515112264289
1 42883U 17042BL  22094.50227011  .12377962  22824-5  14039-2 0  9993
2 42883  96.8016 306.0397 0005696 224.9102 136.2429 16.37049538266064
1 42884U 17042BM  22160.29351412  .33192655  21718-5  39709-3 0  9997
2 42884  96.7872   4.0183 0016298 205.7652 154.3272 16.48941717275956
1 42885U 17042BN  22096.27957584  .09025873  21019-5  16795-2 0  9999
2 42885  96.8059 307.0188 0008910 304.2541 142.9456 16.32150386266268
1 42886U 17042BP  22235.80979023  .13576284  21910-5  40693-3 0  9993
2 42886  96.7839  75.8497 0013650 267.1925  92.7816 16.43907649287671
1 42887U 17042BQ  22189.68370785  .18914875  22058-5  29962-3 0  9995
2 42887  96.7981  31.4361 0010380 273.2044  86.8073 16.47829367280468
1 42888U 17042BR  22085.45980112  .25290888  24771-5  16720-2 0  9997
2 42888  96.7827 296.8874 0007848 171.6146 188.7647 16.41079704264651
1 42889U 17042BS  22109.44679239  .12851606  21594-5  14299-2 0  9995
2 42889  96.7920 316.1459 0009253 269.2763  90.7477 16.37117488268094
1 42890U 17042BT  22248.47123733  .99999999  23217-5  47219-3 0  9993
2 42890  96.7688  89.6962 0007133 266.3820 135.4906 16.58959270289762
1 42891U 17042BU  22062.85868400  .08718155  21266-5  12580-2 0  9994
2 42891  96.7832 277.4494 0006990 277.7551  82.2954 16.34745749261241
1 42892U 17042BV  22110.06988681  .11143466  21644-5  13083-2 0  9996
2 42892  96.7993 319.7637 0009891 267.2906  92.7261 16.36600241268401
1 42893U 17042BW  22170.99769550  .45698020  18432-5  29570-3 0  9995
2 42893  96.7883  12.6969 0009650 333.5466  30.9885 16.53849161277498
1 42894U 17042BX  22114.99187067  .16580785  21717-5  39321-3 0  9992
2 42894  96.7762 321.9019 0009377 276.3431  83.6805 16.45670733269002
1 42895U 17042BY  22175.00595051  .99999999  26326-5  54845-3 0  9999
2 42895  96.7820  16.7446 0011597 232.0669 134.2962 16.55484794278143
1 42896U 17042BZ  22121.72131802  .15812165  22309-5  61140-3 0  9990
2 42896  96.7966 329.0411 0009246 254.8710 105.1571 16.43237653270281
1 42897U 17042CA  22129.55246103  .03286038  20659-5  20419-2 0  9991
2 42897  96.7802 334.4745 0006822 251.1883 108.8666 16.17906739271161
1 42995U 17068J   23083.58953462  .19232785  25746-5  43914-3 0  9999
2 42995  97.4040 206.2029 0014741 297.7855  62.1953 16.45214903300291
1 42996U 17068K   23087.34733831  .15180240  25449-5  85737-3 0  9997
2 42996  97.4020 209.1756 0012078 277.7070  82.2858 16.41128143300919
1 42997U 17068L   23055.82940974  .17848911  25924-5  37765-3 0  9998
2 42997  97.4293 181.7992 0016516 259.2844 100.6599 16.45414264295842
1 42998U 17068M   23088.18485069  .11776928  25373-5  18505-2 0  9993
2 42998  97.4351 212.5655 0010663 265.6968  94.3110 16.33779595300924
1 43119U 18004J   23184.71102001  .07223123  24247-5  17127-2 0  9995
2 43119  97.2931 266.0016 0015290 271.6374  88.3169 16.29322522304926
1 43120U 18004K   23220.93560449  .05055893  24066-5  19167-2 0  9996
2 43120  97.3105 302.1948 0015783 273.4890  86.4596 16.23940281310470
1 43121U 18004L   23087.38934586  .15450135  25168-5  72216-3 0  9992
2 43121  97.3331 177.2347 0014355 268.1174  91.8483 16.41641476290427
1 43122U 18004M   23228.61779902  .07656230  24725-5  11711-2 0  9990
2 43122  97.3144 310.2257 0019097 282.8021  77.1141 16.33583701311666
1 43723U 18096E   22310.41077868  .32390772  25428-5  37364-3 0  9997
2 43723  97.3515  40.9072 0009273 274.8039 145.6670 16.49887856220440
1 43724U 18096F   23012.16250484  .12741253  24308-5  17424-2 0  9999
2 43724  97.3172 108.6945 0011856 310.4589  50.6282 16.35077572230769
1 43725U 18096G   22331.22830783  .09754381  24430-5  17918-2 0  9992
2 43725  97.3176  61.0008 0009505 277.0162  83.0052 16.32255038223599
1 43726U 18096H   22336.14514144  .13437534  24750-5  34481-3 0  9992
2 43726  97.2773  68.4232 0011978 289.2571  70.7435 16.44933335224504
1 43727U 18096J   22331.21968994  .06215556  24022-5  19533-2 0  9994
2 43727  97.3181  62.2036 0010144 302.5572 112.9325 16.26381411223662
1 43733U 18096Q   22336.05861168  .52228641  29734-5  56320-3 0  9994
2 43733  97.3197  66.5577 0010205 182.2737 256.0306 16.50238444224368
1 43734U 18096R   22358.55332383  .12634387  25045-5  22162-3 0  9998
2 43734  97.3235  90.3716 0011952 300.5813 185.5224 16.47052400227902
1 43735U 18096S   22346.39090314  .15151291  23986-5  65136-3 0  9994
2 43735  97.2987  79.5162 0007060 298.1793  61.8795 16.43033189226169
1 43736U 18096T   22349.95241144  .17140991  25412-5  30860-3 0  9998
2 43736  97.3058  81.0557 0012912 255.8004 104.1865 16.46790056226551
1 43740U 18096X   22339.78140500  .16435315  24970-5  46537-3 0  9999
2 43740  97.3162  71.4405 0010007 279.2053  80.8117 16.44666599225061
1 43741U 18096Y   22307.25365965  .05931676  24063-5  31382-2 0  9994
2 43741  97.3384  37.8455 0007341 254.2532 166.2809 16.20033467219966
1 43742U 18096Z   22322.18617604  .43612107  30045-5  37784-3 0  9991
2 43742  97.3239  52.5849 0008064 212.3692 183.7782 16.51880473222231
1 43747U 18096AE  22303.39582684  .52409702  28112-5  59767-3 0  9999
2 43747  97.3175  34.4963 0011728 205.0550 219.1903 16.49729127219391
1 43748U 18096AF  22301.83369890  .13014857  24966-5  11528-2 0  9994
2 43748  97.3217  35.5182 0012993 265.1051  94.8765 16.38955643219310
1 43749U 18096AG  22287.77346409  .12869503  24796-5  14669-2 0  9997
2 43749  97.3335  23.7619 0013560 288.4414  71.5409 16.36691174217283
1 43750U 18096AH  22295.85522495  .13039391  24820-5  94951-3 0  9994
2 43750  97.3105  29.6827 0012634 280.8461  79.1416 16.39974058218455
1 43769U 18099M   23259.12057041  .00010910  00000-0  82827-3 0  9998
2 43769  97.5446 317.5462 0015492 189.4787 170.6148 15.02270290261249
1 43788U 18099AG  23259.48490884  .00006300  00000-0  47014-3 0  9991
2 43788  97.5812 321.4791 0012977 164.5863 195.5760 15.03127824261410
1 43821U 18099BR  23259.17215284  .00011230  00000-0  80116-3 0  9992
2 43821  97.5881 322.0603 0009293 140.8611 219.3289 15.04675716261126
1 43892U 18111S   23021.72502211  .13500805  25162-5  11795-2 0  9994
2 43892  97.1444 279.4815 0008382 167.0203 193.1314 16.39286972227582
1 43893U 18111T   22363.37069674  .16252236  24219-5  46043-3 0  9997
2 43893  97.1151 254.8655 0004027 264.7410  95.3434 16.45365137223887
1 43894U 18111U   23044.86468805  .02675909  11456-1  31973-2 0  9999
2 43894  97.1424 300.5405 0006251 150.8659 209.2975 16.11311345231053
1 43895U 18111V   23054.45032500  .18584632  25769-5  54054-3 0  9996
2 43895  97.1199 309.8436 0009067 174.1638 186.3709 16.44647226232522
1 43896U 18111W   23051.73668092  .18955757  23904-5  44330-3 0  9991
2 43896  97.1257 307.8734 0007794  89.1742 271.0454 16.45924988232144
1 43899U 18111Z   23002.90879772  .09974358  24373-5  15559-2 0  9997
2 43899  97.1476 257.8044 0007503 211.3195 148.7656 16.33963501224479
1 43901U 18111AB  23017.13247999  .08768595  24240-5  20640-2 0  9995
2 43901  97.1412 274.2968 0004998 170.2269 189.9124 16.29756123226835
1 43902U 18111AC  23014.56543825  .13855201  24380-5  15011-2 0  9995
2 43902  97.1262 269.5664 0009570 141.1626 219.8154 16.37341405226292
1 43903U 18111AD  23044.45342701  .07228914  23464-5  23249-2 0  9999
2 43903  97.1213 300.8826 0007553 165.2560 194.8954 16.26187582231031
1 43904U 18111AE  23058.93866561  .04634679  22920-5  28398-2 0  9995
2 43904  97.1476 314.8800 0008435 172.4866 187.2189 16.18058668233243
1 43905U 18111AF  23004.38840261  .11037234  24906-5  55554-3 0  9998
2 43905  97.1454 261.1360 0008488 146.6507 213.5330 16.42141525224836
1 43906U 18111AG  23029.75571366  .14353900  25825-5  11200-2 0  9998
2 43906  97.1377 284.9692 0005459 208.8495 151.2504 16.40338478228674
1 44079U 19018B   23103.06540218  .17076687  24719-5  11855-2 0  9990
2 44079  97.2267 169.8417 0010937 254.0231 105.9864 16.40427194225002
1 44080U 19018C   23192.96937543  .12069119  24739-5  14200-3 0  9997
2 44080  97.2007 260.3121 0016038 263.7770  96.1707 16.49076565238932
1 44081U 19018D   23168.15382779  .12611791  24242-5  82675-3 0  9996
2 44081  97.2067 235.6507 0017749 264.2850  95.6426 16.39613175235108
1 44082U 19018E   23136.64270867  .17796179  24903-5  32481-3 0  9993
2 44082  97.2351 203.9741 0013751 257.1855 102.7912 16.46611846230205
1 44088U 19018L   23072.10261913  .18809500  24578-5  47001-3 0  9997
2 44088  97.2311 138.8793 0011505 276.1024  83.8967 16.45133430220197
1 44089U 19018M   23105.05099263  .18567732  24716-5  44059-3 0  9998
2 44089  97.2240 173.1929 0014333 257.6175 102.3524 16.45056262225373
1 44090U 19018N   23064.23240847  .11726166  24654-5  15350-2 0  9993
2 44090  97.2235 130.8445 0007259 244.0385 160.4294 16.35664683216644
1 44091U 19018P   23096.22862795  .14571496  24263-5  14910-2 0  9994
2 44091  97.2284 163.8959 0014717 291.0562  68.9163 16.37598117224007
1 44092U 19018Q   23125.23848678  .14817207  24465-5  75782-3 0  9995
2 44092  97.2223 193.2992 0014246 265.7052  94.2621 16.41247277228495
1 44093U 19018R   23096.74430932  .12463038  24371-5  10908-2 0  9990
2 44093  97.2206 164.6258 0010868 265.1487  94.8572 16.39167751224083
1 44094U 19018S   23211.31855136  .07094556  23918-5  14613-2 0  9992
2 44094  97.2205 279.0471 0011233 260.1386  99.8641 16.31006501241753
1 44095U 19018T   23070.30486111  .14351254  24490-5  81196-3 0  9994
2 44095  97.2353 136.2360 0011290 271.1566 152.6013 16.41236080219848
1 44096U 19018U   23203.09041899  .16252924  24596-5  46952-3 0  9993
2 44096  97.2156 271.0226 0014088 261.6332  98.3373 16.44038064240497
1 44097U 19018V   23218.43469445  .18942778  24734-5  19302-3 0  9997
2 44097  97.1967 283.6202 0014527 282.9765  76.9918 16.50199441242655
1 44098U 19018W   23133.03297809  .20426582  24895-5  28867-3 0  9990
2 44098  97.2330 201.1472 0015316 270.1180  89.8369 16.47977429229678
1 44099U 19018X   23135.45160132  .09879706  24078-5  15754-2 0  9997
2 44099  97.2254 203.3942 0012694 262.8072  97.1781 16.33550133230052
1 44100U 19018Y   23115.32973506  .13741577  24854-5  19948-3 0  9992
2 44100  97.2272 183.1984 0014325 267.5441  92.4223 16.47922922226958
1 44101U 19018Z   23127.77530600  .14262927  24560-5  55126-3 0  9999
2 44101  97.2266 195.7953 0014580 264.2326  95.7312 16.42508163228865
1 44102U 19018AA  23166.61916984  .14540181  24720-5  29860-3 0  9994
2 44102  97.2259 235.2792 0015150 250.6176 109.3490 16.45760216234885
1 44108U 19018AE  23116.17642607  .03660307  23268-5  21184-2 0  9991
2 44108  97.2265 183.1547 0010429 262.1433  97.8672 16.18773778226910
1 44807U 19081D   23215.85308129  .10874264  24762-5  14443-2 0  9997
2 44807  97.3260 291.7922 0015319 266.0159  93.9386 16.35174686205554
1 44808U 19081E   23119.46665874  .17334194  25777-5  35450-3 0  9990
2 44808  97.3329 193.2882 0011668 246.0708 113.9373 16.46207393190616
1 44809U 19081F   23259.19299492  .00041433  00000-0  74810-3 0  9998
2 44809  97.3435 330.7346 0006743  26.6410 333.5187 15.49597665211925
1 44810U 19081G   23214.47845508  .16718858  25257-5  32671-3 0  9991
2 44810  97.3127 290.2857 0016193 263.6263  96.3196 16.45913786205358
1 44811U 19081H   23134.73272385  .51541686  24435-5  28965-3 0  9999
2 44811  97.2731 210.4865 0014060 340.4145 118.5911 16.54598715193030
1 44812U 19081J   23116.80522784  .56976334  18660-5  15993-3 0  9996
2 44812  97.3171 192.2770 0048881 193.3777 306.3984 16.56630588190273
1 44813U 19081K   23259.72410351  .10164571  24703-5  13131-2 0  9990
2 44813  97.3212 336.2624 0013070 278.2407  81.7407 16.35558381212336
1 44814U 19081L   23108.93522054  .12072836  25505-5  13886-2 0  9993
2 44814  97.3374 182.0117 0008611 235.1837 124.8652 16.36827670188934
1 44815U 19081M   23174.61294259  .12801826  24933-5  67785-3 0  9996
2 44815  97.3021 249.8201 0016259 268.9801  90.9637 16.40787711199172
1 44816U 19081N   23259.15490561  .00038876  00000-0  68550-3 0  9993
2 44816  97.3461 331.2873 0005526  22.2321 337.9169 15.50293736211948
1 44817U 19081P   23196.59696014  .14030804  25253-5  50079-3 0  9990
2 44817  97.3321 273.1325 0014254 261.7326  98.2359 16.42943068202639
1 44818U 19081Q   23259.49933210  .00032910  00000-0  62055-3 0  9992
2 44818  97.3452 330.8330 0006147  30.6288 329.5321 15.48406052211949
1 46282U 20061L   23259.19422599  .00041177  00000-0  13035-2 0  9997
2 46282  97.3962 327.7494 0003516 108.3455 251.8170 15.32631029167771
1 46283U 20061M   23259.75662658  .00048918  00000-0  13276-2 0  9999
2 46283  97.3944 329.4377 0003009 125.0339 235.1188 15.37444077167926
1 46285U 20061P   23259.16240614  .00015040  00000-0  53991-3 0  9999
2 46285  97.3943 327.4506 0004401 102.3793 257.7940 15.28766516167750
1 46286U 20061Q   23259.13322481  .00015898  00000-0  56559-3 0  9994
2 46286  97.3945 327.5075 0004061  97.5171 262.6530 15.29050814167750
1 46288U 20061S   23259.72997430  .00013419  00000-0  48188-3 0  9999
2 46288  97.3942 328.0410 0003557 109.2455 250.9170 15.28784910167753
1 46289U 20061T   23259.16544254  .00009384  00000-0  37213-3 0  9993
2 46289  97.3995 326.8500 0003230 142.5527 217.5936 15.25591157167706
1 46290U 20061U   23259.13446790  .00061781  00000-0  21892-2 0  9992
2 46290  97.3939 324.9724 0002963 160.4200 199.7155 15.28871360167582
1 46291U 20061V   23259.74291633  .00037544  00000-0  10977-2 0  9996
2 46291  97.3940 328.8283 0002270 132.5330 227.6106 15.35179370167782
1 46296U 20061AA  23259.19231580  .00015978  00000-0  57201-3 0  9994
2 46296  97.3952 327.8008 0002225  82.4214 277.7279 15.28849313167733
1 46297U 20061AB  23259.17775497  .00015032  00000-0  53926-3 0  9994
2 46297  97.3946 327.8188 0001863  84.4552 275.6900 15.28795586167718
1 46313U 20061AT  23259.19223894  .00039024  00000-0  11967-2 0  9999
2 46313  97.3954 328.6128 0002988  66.4270 293.7286 15.33658973167773
1 46314U 20061AU  23259.73689389  .00125704  00000-0  23652-2 0  9990
2 46314  97.3903 330.5619 0001165 188.7645 171.3585 15.48086353168008
1 46321U 20061BB  23259.72745296  .00045699  00000-0  11260-2 0  9993
2 46321  97.3889 331.5072 0000979  42.7043 317.4280 15.40434100167942
1 46322U 20061BC  23259.73564221  .00036757  00000-0  11057-2 0  9991
2 46322  97.3973 329.3801 0001876  66.8238 293.3203 15.34285959167870
1 46527U 20061BD  23259.19463090  .00040542  00000-0  82308-3 0  9995
2 46527  97.3431 332.4945 0001752 291.0201  69.0861 15.46237394164615
1 46528U 20061BE  23259.19829775  .00033590  00000-0  71485-3 0  9991
2 46528  97.3415 332.6924 0001075   7.8961 352.2305 15.44892364164994
1 46529U 20061BF  23259.18518685  .00031413  00000-0  65242-3 0  9992
2 46529  97.3401 332.3083 0000777 340.5382  19.5837 15.45623874164199
1 46596U 20061BK  23259.65012063  .00144944  00000-0  15345-2 0  9999
2 46596  97.3374 334.4404 0002976 198.4518 161.6633 15.63665527162558
1 46597U 20061BG  23259.20823218  .00035273  00000-0  74466-3 0  9997
2 46597  97.3505 333.2805 0002463 306.6730  53.4292 15.45117849163556
1 46609U 20061BH  23259.43473377  .00031342  00000-0  67059-3 0  9996
2 46609  97.3365 332.1407 0000055 251.3161 108.8081 15.44748527163158
1 46612U 20061BJ  23259.14225298  .00012771  00000-0  41440-3 0  9996
2 46612  97.3535 329.4956 0003398 330.8403  29.2648 15.32088635162376
1 46735U 20061BL  23259.72726485  .00237493  00000-0  29018-2 0  9996
2 46735  97.3275 330.9473 0006421 249.9491 110.1075 15.59614559161496
1 46737U 20061BM  23259.72647627  .00212464  00000-0  28283-2 0  9992
2 46737  97.3347 331.5698 0006094 242.9741 117.0892 15.57411182161400
1 46738U 20061BN  23259.18676261  .00034083  00000-0  71705-3 0  9996
2 46738  97.3501 333.2863 0002357 336.4861  23.6280 15.45226806160963
1 46812U 20061BP  23259.15113819  .00035233  00000-0  73371-3 0  9990
2 46812  97.3372 332.0584 0002166 267.6941  92.4060 15.45520457160601
1 46813U 20077A   23259.74459840  .00088620  00000-0  13819-2 0  9998
2 46813  97.3551 326.9414 0006820 207.8702 152.2187 15.53520718160375
1 46814U 20077B   23259.75296767  .00028471  00000-0  56200-3 0  9997
2 46814  97.3585 326.8246 0006292 216.8172 143.2646 15.47109213160364
1 46815U 20077C   23259.36882798  .00139399  00000-0  26916-2 0  9992
2 46815  97.3541 321.7935 0009109 225.6578 134.3927 15.47247212160022
1 46816U 20077D   23259.14109352  .00030429  00000-0  59192-3 0  9994
2 46816  97.3615 327.7631 0007054 188.7737 171.3391 15.47515619160358
1 46817U 20077E   23259.14387541  .00031155  00000-0  61833-3 0  9995
2 46817  97.3602 327.0147 0007291 198.9454 161.1525 15.46926092160303
1 46819U 20077G   23259.71585752  .00026560  00000-0  52690-3 0  9999
2 46819  97.3582 327.2784 0007795 193.7509 166.3529 15.46966441160396
1 46820U 20077H   23259.71557901  .00237649  00000-0  25863-2 0  9999
2 46820  97.3596 327.1618 0009995 216.2115 143.8468 15.62610169160333
1 46821U 20077J   23259.72564392  .00163195  00000-0  25988-2 0  9995
2 46821  97.3583 324.7956 0010739 206.2585 153.8125 15.52627573160175
1 46822U 20077K   23259.69387242  .00125097  00000-0  23056-2 0  9992
2 46822  97.3558 323.0980 0009233 213.4047 146.6622 15.48644347160149
1 46825U 20061BQ  23259.73777464  .00154287  00000-0  15168-2 0  9990
2 46825  97.3464 334.1677 0004664 220.4905 139.6008 15.65511257160263
1 47452U 21006AR  23259.41449519  .00015705  00000-0  49460-3 0  9993
2 47452  97.3822 318.2351 0008967 109.6823 250.5387 15.32966768146696
1 47456U 21006AV  23259.16165688  .00019506  00000-0  61488-3 0  9998
2 47456  97.3814 318.0377 0009013 111.7890 248.4312 15.32890042146659
1 47462U 21006BB  23259.73470565  .00006485  00000-0  30303-3 0  9995
2 47462  97.3799 312.2574 0008019 142.2583 217.9216 15.20105738146355
1 47469U 21006BJ  23259.38787159  .00016931  00000-0  53930-3 0  9991
2 47469  97.3766 317.2991 0005498 115.8657 244.3152 15.32611040146668
1 47471U 21006BL  23259.12367723  .00018930  00000-0  59752-3 0  9996
2 47471  97.3792 317.4452 0007223 127.3060 232.8841 15.32867823146623
1 47472U 21006BM  23259.46970196  .00017192  00000-0  53494-3 0  9994
2 47472  97.3808 318.2173 0007117 119.7810 240.4141 15.33346981146683
1 47473U 21006BN  23259.70174551  .01269172  91013-3  21005-2 0  9990
2 47473  97.3519 327.5493 0008416 248.0425 111.9961 16.03223142147349
1 47474U 21006BP  23259.38426257  .00037331  00000-0  77628-3 0  9993
2 47474  97.3673 318.6210 0006785 133.6385 226.5428 15.45530042146772
1 47475U 21006BQ  23259.71450467  .00026209  00000-0  60157-3 0  9992
2 47475  97.3733 320.0832 0005812 109.6885 250.4990 15.42676818146897
1 47477U 21006BS  23259.10854298  .00017733  00000-0  56295-3 0  9997
2 47477  97.3811 317.6055 0006063 120.7891 239.3948 15.32705775146629
1 47478U 21006BT  23259.39021376  .00016027  00000-0  51330-3 0  9992
2 47478  97.3767 317.1640 0006715 124.8777 235.3097 15.32441928146669
1 47479U 21006BU  23210.96814975  .17490426  25539-5  29931-3 0  9996
2 47479  97.3382 277.6170 0012121 266.3943  93.5975 16.47177732139832
1 47490U 21006CF  23259.73719614  .00015217  00000-0  48400-3 0  9997
2 47490  97.3853 318.9111 0008031 108.4311 251.7805 15.32665357146737
1 47491U 21006CG  23259.39870624  .00017326  00000-0  55084-3 0  9998
2 47491  97.3721 317.0641 0008169 108.4544 251.7586 15.32648564146681
1 47492U 21006CH  23259.74616496  .00014808  00000-0  47302-3 0  9999
2 47492  97.3879 319.0297 0008523 109.9923 250.2238 15.32529881146730
1 47494U 21006CK  23259.68827033  .00031624  00000-0  62821-3 0  9993
2 47494  97.3655 319.4420 0007387 120.8378 239.3599 15.46895712146865
1 47495U 21006CL  23259.39784507  .00017401  00000-0  59605-3 0  9993
2 47495  97.3712 316.2428 0009452 127.9722 232.2374 15.30230742146625
1 47496U 21006CM  23259.13429521  .00016711  00000-0  53190-3 0  9994
2 47496  97.3851 318.2512 0009596 115.5635 244.6600 15.32607306146648
1 47497U 21006CN  23259.72509704  .00147483  00000-0  18304-2 0  9990
2 47497  97.3574 322.9094 0004332 127.4807 232.6844 15.59511952147103
1 47498U 21006CP  23259.70236710  .00131664  00000-0  15775-2 0  9996
2 47498  97.3602 323.3516 0006173 127.0392 233.1431 15.60484542147126
1 47499U 21006CQ  23259.68739169  .00033267  00000-0  94558-3 0  9997
2 47499  97.3881 318.8635 0008277 119.8858 240.3209 15.36060656146727
1 47500U 21006CR  23259.71354865  .00014223  00000-0  45272-3 0  9990
2 47500  97.3837 318.8156 0009196 111.3196 248.9028 15.32645694146733
1 47512U 21006DD  23259.14959281  .00050334  00000-0  13594-2 0  9997
2 47512  97.3854 318.3777 0006304 129.9905 230.1894 15.37572928146648
1 47514U 21006DE  23259.74135400  .00013659  00000-0  43666-3 0  9997
2 47514  97.3731 317.2707 0007265 116.4947 243.7041 15.32531158147683
1 47515U 21006DF  23259.71384973  .00014260  00000-0  44912-3 0  9990
2 47515  97.3724 317.2075 0008028 112.0308 248.1788 15.32993348146729
1 47516U 21006DG  23259.12563019  .00032695  00000-0  62571-3 0  9999
2 47516  97.3822 321.8957 0008192 106.1252 254.0901 15.47963585147846
1 47518U 21006DJ  23259.46359385  .00014879  00000-0  47037-3 0  9991
2 47518  97.3755 317.1390 0007459 122.8093 237.3868 15.32869319147654
1 47520U 21006DL  23259.46563260  .00037424  00000-0  10586-2 0  9992
2 47520  97.3737 317.3362 0007261 122.9491 237.2452 15.36194518146699
1 47521U 21006DM  23259.15362589  .00038395  00000-0  76107-3 0  9990
2 47521  97.3792 320.3122 0006950 134.0830 226.0993 15.46923297147753
1 47522U 21006DN  23259.15835450  .00019990  00000-0  63495-3 0  9999
2 47522  97.3834 317.9480 0006492 121.2678 238.9201 15.32660456147607
1 47523U 21006DP  23259.72669003  .00015572  00000-0  49260-3 0  9998
2 47523  97.3781 317.6149 0006626 123.6195 236.5680 15.32844193146715
1 47527U 21006DT  23259.10519024  .00017670  00000-0  56399-3 0  9993
2 47527  97.3743 316.6814 0006788 120.8337 239.3574 15.32528310147580
1 47528U 21006DU  23259.11268687  .00018051  00000-0  57572-3 0  9999
2 47528  97.3842 317.8955 0006886 121.0234 239.1685 15.32547767147586
1 47530U 21006DW  23259.16665404  .00018459  00000-0  58677-3 0  9994
2 47530  97.3831 317.8452 0006759 121.1547 239.0358 15.32651111147592
1 47539U 21006DZ  23259.70303515  .00014592  00000-0  46479-3 0  9996
2 47539  97.3766 317.9779 0008861 107.3137 252.9075 15.32620366146731
1 47540U 21006EA  23259.70314860  .00021163  00000-0  67307-3 0  9998
2 47540  97.3833 318.6895 0008671 110.8213 249.3958 15.32592026145806
1 47542U 21006EC  23259.16482247  .00016478  00000-0  52285-3 0  9997
2 47542  97.3745 317.2057 0009114 112.5424 247.6784 15.32714541145728
1 47543U 21006ED  23259.13591217  .00021828  00000-0  67353-3 0  9990
2 47543  97.3755 317.2660 0008780 106.0347 254.1863 15.33550698145723
1 47544U 21006EE  23259.15689536  .00017348  00000-0  55354-3 0  9995
2 47544  97.3755 316.9182 0006516 120.4603 239.7283 15.32543888147593
1 47545U 21006EF  23259.11985476  .00055681  00000-0  83392-3 0  9999
2 47545  97.3698 322.1040 0007548 124.8909 235.3056 15.54758863147927
1 47612U 21006EQ  23259.15625246  .00017991  00000-0  57173-3 0  9994
2 47612  97.3807 317.7931 0008656 122.4695 237.7385 15.32651239146644
1 47617U 21006EJ  23259.69931967  .00014399  00000-0  45605-3 0  9994
2 47617  97.3796 318.4460 0009468 104.0837 256.1458 15.32800475147710
1 47684U 21006EK  23259.40028568  .00016631  00000-0  53079-3 0  9996
2 47684  97.3815 318.0914 0006547 130.0627 230.1190 15.32545332146696
1 47685U 21006EL  23259.38705062  .00016331  00000-0  52147-3 0  9997
2 47685  97.3764 317.3716 0006704 122.1072 238.0821 15.32533130147639
1 47686U 21006EM  23259.70050119  .00013395  00000-0  42453-3 0  9996
2 47686  97.3814 318.5386 0010015 117.7627 242.4632 15.32791608146733
1 47687U 21006EN  23259.71458966  .00015687  00000-0  49942-3 0  9996
2 47687  97.3774 317.7289 0005740 134.0453 226.1263 15.32642543147676
1 47688U 21006EP  23259.39630133  .00016671  00000-0  53119-3 0  9994
2 47688  97.3797 317.5677 0008846 101.7081 258.5154 15.32581536147626
1 47698U 21006ER  23259.41506196  .00016405  00000-0  52271-3 0  9992
2 47698  97.3861 318.4751 0008267 114.9422 245.2680 15.32589237146671
1 50992U 22002J   23259.41916355  .00016500  00000-0  55804-3 0  9993
2 50992  97.4323 327.9626 0006837 275.0710  84.9750 15.30678693 92783
1 50994U 22002L   23259.74318403  .00013529  00000-0  45399-3 0  9997
2 50994  97.4324 328.4351 0006842 269.8077  90.2380 15.30977898 92834
1 50996U 22002N   23259.16916704  .00016698  00000-0  56582-3 0  9999
2 50996  97.4326 327.7685 0006796 274.7168  85.3297 15.30614326 92740
1 50997U 22002P   23259.15201819  .00017650  00000-0  59378-3 0  9998
2 50997  97.4325 327.7758 0006912 275.9689  84.0764 15.30834781 92746
1 51000U 22002S   23259.74759711  .00013905  00000-0  46979-3 0  9990
2 51000  97.4270 327.9230 0006938 260.7036  99.3420 15.30750249 92838
1 51003U 22002V   23259.72763884  .00014997  00000-0  50312-3 0  9995
2 51003  97.4310 328.2561 0006888 276.0300  84.0156 15.30962563 92836
1 51004U 22002W   23259.41036833  .00016695  00000-0  56432-3 0  9995
2 51004  97.4283 327.6933 0007239 265.1296  94.9118 15.30691152 92781
1 51005U 22002X   23259.72502929  .00012884  00000-0  43466-3 0  9993
2 51005  97.4263 327.9038 0006812 260.0743  99.9729 15.30816214 92833
1 51006U 22002Y   23259.19530229  .00016890  00000-0  56684-3 0  9996
2 51006  97.4323 327.8589 0007243 272.6122  87.4289 15.30921916 92750
1 51007U 22002Z   23259.15339850  .00014237  00000-0  47132-3 0  9991
2 51007  97.4270 327.5743 0008471 262.3512  97.6767 15.31392294 92750
1 51009U 22002AB  23259.72508046  .00014295  00000-0  48119-3 0  9991
2 51009  97.4328 328.4371 0007461 270.2583  89.7803 15.30861204 92830
1 51010U 22002AC  23259.14514003  .00026008  00000-0  77236-3 0  9996
2 51010  97.4314 328.4676 0008351 250.1903 109.8440 15.34734217 92789
1 51011U 22002AD  23259.13896850  .00018350  00000-0  61800-3 0  9990
2 51011  97.4303 327.4721 0007036 267.3719  92.6716 15.30791507 92744
1 51012U 22002AE  23259.76006081  .00039867  00000-0  11119-2 0  9992
2 51012  97.4302 328.8887 0007540 263.5628  96.4757 15.36619927 92871
1 51015U 22002AH  23259.73971603  .00013426  00000-0  45715-3 0  9996
2 51015  97.4317 328.3327 0008227 266.7012  93.3287 15.30498136 92830
1 51016U 22002AJ  23259.16880866  .00020335  00000-0  66924-3 0  9996
2 51016  97.4286 327.7234 0007373 276.2731  83.7670 15.31511963 92756
1 51017U 22002AK  23259.72925057  .00013576  00000-0  46026-3 0  9991
2 51017  97.4285 328.0671 0007770 265.7028  94.3325 15.30637537 92837
1 51018U 22002AL  23259.14339979  .00019813  00000-0  67012-3 0  9998
2 51018  97.4259 327.3453 0007473 264.6838  95.3550 15.30633634 92741
1 51020U 22002AN  23259.65153532  .00012193  00000-0  41157-3 0  9992
2 51020  97.4278 327.9357 0007354 260.9248  99.1161 15.30810162 92828
1 51023U 22002AR  23259.65936081  .00013436  00000-0  45518-3 0  9999
2 51023  97.4324 328.3263 0007866 267.7148  92.3192 15.30665193 92827
1 51024U 22002AS  23259.14097434  .00011593  00000-0  39643-3 0  9998
2 51024  97.4339 327.8442 0007633 265.8779  94.1590 15.30400762 92740
1 51026U 22002AU  23259.18158133  .00017056  00000-0  57360-3 0  9994
2 51026  97.4291 327.5905 0007698 273.8818  86.1543 15.30848386 92752
1 51027U 22002AV  23259.12464960  .00018470  00000-0  62278-3 0  9992
2 51027  97.4279 327.4747 0007643 263.7244  96.3127 15.30747413 92742
1 51028U 22002AW  23259.19584758  .00016607  00000-0  56256-3 0  9997
2 51028  97.4284 327.5273 0007847 262.7491  97.2858 15.30618638 92751
1 51029U 22002AX  23259.75788480  .00013318  00000-0  44765-3 0  9996
2 51029  97.4281 328.1560 0007491 260.4396  99.5999 15.30924699 92847
1 51034U 22002BC  23259.75192841  .00044512  00000-0  12165-2 0  9990
2 51034  97.4315 329.3094 0007314 264.1660  95.8751 15.37228547 92880
1 51035U 22002BD  23259.18735347  .00016785  00000-0  56823-3 0  9993
2 51035  97.4324 327.6924 0004729 275.0391  85.0310 15.30654610 92747
1 51037U 22002BF  23259.42660783  .00017304  00000-0  58299-3 0  9990
2 51037  97.4335 328.0972 0006692 271.9772  88.0703 15.30793511 92785
1 51039U 22002BH  23259.49845280  .00015271  00000-0  51583-3 0  9996
2 51039  97.4322 328.1189 0005880 271.7931  88.2636 15.30743247 92796
1 51040U 22002BJ  23259.17794300  .00022177  00000-0  67880-3 0  9999
2 51040  97.4280 328.0234 0006332 253.8792 106.1754 15.33822958 92779
1 51041U 22002BK  23259.17301852  .00019275  00000-0  64608-3 0  9996
2 51041  97.4269 327.3385 0004240 261.7600  98.3160 15.30948870 92747
1 51042U 22002BL  23259.18572847  .00017537  00000-0  59193-3 0  9994
2 51042  97.4338 327.7924 0005223 277.0195  83.0452 15.30738563 92740
1 51043U 22002BM  23259.42929058  .00014528  00000-0  48997-3 0  9999
2 51043  97.4315 327.9349 0005048 270.2314  89.8349 15.30807982 92787
1 51045U 22002BP  23259.18251638  .00024336  00000-0  72758-3 0  9996
2 51045  97.4262 327.9908 0006908 235.6859 124.3730 15.34545206 92787
1 51046U 22002BQ  23259.16026061  .00031610  00000-0  75040-3 0  9995
2 51046  97.4277 329.8000 0004075 239.9636 120.1207 15.41635978 92889
1 51047U 22002BR  23259.43784302  .00016888  00000-0  56863-3 0  9997
2 51047  97.4322 328.0233 0005731 276.2948  83.7640 15.30824326 92789
1 51048U 22002BS  23259.15974104  .00015874  00000-0  53005-3 0  9997
2 51048  97.4256 327.2409 0004669 264.4721  95.5988 15.31112556 92747
1 51049U 22002BT  23259.11862454  .00020981  00000-0  64874-3 0  9999
2 51049  97.4261 327.6906 0005775 246.7602 113.3033 15.33514715 92767
1 51052U 22002BW  23259.18262848  .00015500  00000-0  52240-3 0  9996
2 51052  97.4272 327.3051 0004732 280.0325  80.0381 15.30816450 92748
1 51055U 22002BZ  23259.19919383  .00046831  00000-0  13398-2 0  9994
2 51055  97.4322 327.8877 0004639 263.6074  96.4642 15.35803403 92753
1 51056U 22002CA  23259.18339852  .00017391  00000-0  58654-3 0  9995
2 51056  97.4276 327.3574 0004742 265.2177  94.8522 15.30768780 92749
1 51064U 22002CJ  23259.41377392  .00017091  00000-0  57273-3 0  9994
2 51064  97.4285 327.6921 0005548 262.5283  97.5328 15.30976820 92784
1 51065U 22002CK  23259.76247300  .00014439  00000-0  48782-3 0  9996
2 51065  97.4303 328.2154 0005447 273.9914  86.0704 15.30750910 92833
1 51066U 22002CL  23259.75192655  .00019181  00000-0  64127-3 0  9998
2 51066  97.4335 328.4951 0005746 273.9793  86.0791 15.31026600 92832
1 55020U 23001M   23259.10704303  .00009990  00000-0  46768-3 0  9998
2 55020  97.4683 317.9007 0011541  61.9847 298.2554 15.19871460 38889
1 55021U 23001N   23259.16274988  .00010506  00000-0  48953-3 0  9999
2 55021  97.4678 317.9680 0011513  57.7913 302.4436 15.20021217 38894
1 55022U 23001P   23259.69322988  .00008027  00000-0  37634-3 0  9991
2 55022  97.4684 318.5030 0011618  51.3301 308.8972 15.19885981 38973
1 55023U 23001Q   23259.16140881  .00009955  00000-0  46396-3 0  9990
2 55023  97.4714 318.0850 0011295  59.1474 301.0870 15.20031920 38892
1 55024U 23001R   23259.68829132  .00007969  00000-0  37394-3 0  9992
2 55024  97.4703 318.5751 0011777  60.5626 299.6782 15.19860201 38979
1 55025U 23001S   23259.74885196  .00008466  00000-0  39580-3 0  9994
2 55025  97.4714 318.6876 0011623  59.1774 301.0603 15.19967327 38987
1 55026U 23001T   23259.75321450  .00008261  00000-0  38641-3 0  9994
2 55026  97.4674 318.5475 0011947  51.8818 308.3492 15.19955939 38986
1 55027U 23001U   23259.74837159  .00007897  00000-0  37004-3 0  9998
2 55027  97.4666 318.5331 0011487  56.8216 303.4119 15.19914507 38983
1 55028U 23001V   23259.47328381  .00008023  00000-0  37493-3 0  9995
2 55028  97.4685 318.3419 0012062  51.6944 308.5373 15.19995429 38947
1 55029U 23001W   23259.74318338  .00008238  00000-0  38479-3 0  9990
2 55029  97.4706 318.6793 0011499  55.3688 304.8630 15.20010238 38986
1 55030U 23001X   23259.15195352  .00009700  00000-0  45316-3 0  9999
2 55030  97.4672 317.9559 0012041  57.3128 302.9266 15.19947978 38899
1 55031U 23001Y   23259.16166056  .00007849  00000-0  36528-3 0  9997
2 55031  97.4716 318.0992 0011740  59.7109 300.5286 15.20151233 38891
1 55032U 23001Z   23259.39908002  .00009822  00000-0  45836-3 0  9993
2 55032  97.4681 318.2732 0012382  51.3702 308.8639 15.19976619 38936
1 55033U 23001AA  23259.11254282  .00013251  00000-0  56158-3 0  9998
2 55033  97.4648 318.4087 0010249  57.0928 303.1294 15.23220216 38922
1 55035U 23001AC  23259.13213870  .00009771  00000-0  45606-3 0  9998
2 55035  97.4676 317.9979 0014819  57.3446 302.9216 15.19942336 38890
1 55039U 23001AG  23259.16696883  .00015203  00000-0  69015-3 0  9991
2 55039  97.4682 318.0986 0012287  54.4270 305.8108 15.20820747 38908
1 55040U 23001AH  23259.72880091  .00008803  00000-0  41040-3 0  9997
2 55040  97.4715 318.7415 0012079  58.2393 302.0017 15.20049144 38988
1 55042U 23001AK  23259.73338980  .00008048  00000-0  37524-3 0  9998
2 55042  97.4668 318.5433 0012186  53.5633 306.6724 15.20069905 38981
1 55043U 23001AL  23259.13635412  .00009077  00000-0  43362-3 0  9993
2 55043  97.4714 317.9795 0012080  55.1166 305.1202 15.19195518 38882
1 55055U 23001AY  23259.12800737  .00010517  00000-0  48880-3 0  9990
2 55055  97.4694 318.0627 0013915  55.7881 304.4670 15.20081721 38890
1 55057U 23001BA  23259.39814248  .00010494  00000-0  48921-3 0  9993
2 55057  97.4705 318.3647 0013234  59.8351 300.4193 15.19986969 38938
1 55063U 23001BG  23259.39567781  .00009536  00000-0  44628-3 0  9992
2 55063  97.4723 318.4244 0014917  60.2036 300.0680 15.19858628 38931
1 55065U 23001BJ  23259.72749832  .00008447  00000-0  39498-3 0  9999
2 55065  97.4729 318.7757 0014409  58.4794 301.7847 15.19930284 38984
1 55066U 23001BK  23259.65833880  .00009269  00000-0  43250-3 0  9993
2 55066  97.4717 318.6658 0014590  60.0544 300.2138 15.19973947 38973
1 55068U 23001BM  23259.71310315  .00009110  00000-0  42534-3 0  9994
2 55068  97.4663 318.5760 0015141  53.9174 306.3461 15.19950421 38980
1 55069U 23001BN  23259.71955418  .00008549  00000-0  40004-3 0  9999
2 55069  97.4707 318.7003 0014715  61.8890 298.3830 15.19896087 38988
1 55070U 23001BP  23259.11809994  .00010380  00000-0  48286-3 0  9998
2 55070  97.4680 318.0094 0014896  54.2746 305.9872 15.20041276 38894
1 55071U 23001BQ  23259.11068291  .00010793  00000-0  49794-3 0  9999
2 55071  97.4683 318.0496 0015083  57.5662 302.7030 15.20312670 38896
1 55074U 23001BT  23259.71822053  .00009069  00000-0  42566-3 0  9996
2 55074  97.4708 318.7172 0014952  59.5300 300.7409 15.19770786 38982
1 55075U 23001BU  23259.12971808  .00026243  00000-0  11479-2 0  9996
2 55075  97.4665 318.1467 0014547  55.2202 305.0401 15.21947018 38909
1 55077U 23001BW  23259.12214760  .00010639  00000-0  49755-3 0  9996
2 55077  97.4719 318.1561 0015056  60.3420 299.9312 15.19849960 38895
1 55078U 23001BX  23259.70391463  .00009198  00000-0  42725-3 0  9995
2 55078  97.4688 318.6622 0015034  58.1243 302.1452 15.20125777 38985
1 55079U 23001BY  23259.12658635  .00009647  00000-0  45179-3 0  9994
2 55079  97.4706 318.1182 0015580  59.6247 300.6526 15.19821064 38894
1 55080U 23001BZ  23259.10944290  .00010378  00000-0  48433-3 0  9998
2 55080  97.4687 318.0503 0015523  56.0549 304.2159 15.19921450 38895
1 55082U 23001CB  23259.76252291  .00008670  00000-0  40494-3 0  9996
2 55082  97.4687 318.7361 0015247  53.5165 306.7472 15.19949127 38992
1 55083U 23001CC  23259.47469234  .00008404  00000-0  38841-3 0  9990
2 55083  97.4692 318.5008 0015662  55.6426 304.6288 15.20319224 38958
