1 40044U 14033AL  23333.46329034  .00004743  00000-0  65848-3 0  9990
2 40044  97.6776 139.6959 0054811 239.4283 120.1514 14.77318090507655
1 40932U 15052C   23333.72156711  .00009163  00000-0  10094-2 0  9990
2 40932   6.0090 291.4454 0013147 231.4110 128.4840 14.83243782442359
1 40933U 15052D   23330.39675450  .00009146  00000-0  10018-2 0  9994
2 40933   6.0076 310.2687 0013189 197.2321 162.7359 14.83466263 68576
1 40934U 15052E   23333.35648033  .00007925  00000-0  87207-3 0  9999
2 40934   6.0087 310.5025 0009972 191.3807 168.6096 14.82834687 71145
1 40935U 15052F   23333.73970186  .00007689  00000-0  85215-3 0  9993
2 40935   6.0040 315.1495 0009727 182.4125 177.5956 14.82440767442114
1 41485U 98067JF  17088.87692783 +.27372728 +12750-4 +18082-3 0  9995
2 41485 051.6095 034.9427 0004361 251.9905 115.0502 16.53312317049553
1 41488U 98067JJ  17094.87844965 +.04570311 +12034-4 +11307-2 0  9996
2 41488 051.6143 005.3663 0009819 231.1408 129.3884 16.28244348050480
1 41489U 98067JK  17096.95849574 +.05053431 +12134-4 +92051-3 0  9996
2 41489 051.6245 353.7306 0010181 253.9379 106.0523 16.31442564050072
1 41490U 98067JL  17082.86138582 +.15219034 +12544-4 +30912-3 0  9990
2 41490 051.5977 064.5171 0003073 162.0648 198.0222 16.46983386048626
1 41595U 16019B   17176.73956864 +.10739610 +12600-4 +40436-3 0  9991
2 41595 051.6070 299.8110 0008434 317.9127 042.8936 16.43514669058161
1 41596U 16019C   17067.10015613  .11365953  12547-4  52873-3 0  9994
2 41596  51.6506 142.3048 0005782  47.1381 316.3232 16.42964006 40875
1 41597U 16019D   17065.40631615  .17439871  12840-4  24211-3 0  9990
2 41597  51.5883 152.6675 0013907 342.2461  19.4783 16.47903378 40613
1 41598U 16019E   17058.48104143  .13500253  12598-4  42079-3 0  9993
2 41598  51.6082 187.4528 0006461 311.7838  48.2638 16.44599812 39534
1 41871U 16062C   23099.86342695  .08181249  12154-4  13423-2 0  9997
2 41871  51.6027 320.5413 0009163 253.8935 106.1080 16.32520060355965
1 41872U 16062D   23097.15550706  .11109693  12255-4  10810-2 0  9998
2 41872  51.6348 345.3716 0009915 244.1942 115.8061 16.37339469355501
1 41873U 16062E   23333.47387927  .00046792  00000-0  85189-3 0  9991
2 41873  51.6732 354.7030 0007221  20.5572 339.5706 15.48996080390762
1 41874U 16062F   23114.55433276  .12197930  12307-4  16020-2 0  9995
2 41874  51.6210 259.1691 0008863 292.1780  67.8303 16.34669829358106
1 41991U 17008AV  23189.39214855  .10647790  23967-5  65652-3 0  9993
2 41991  97.1564 255.5952 0016873 263.9339  96.0038 16.40017505355874
1 41992U 17008AW  23136.63237288  .18434498  24566-5  23055-3 0  9992
2 41992  97.1933 209.3200 0021729 269.7484  90.1330 16.48000606348042
1 41993U 17008AX  23306.61240317  .13998150  24279-5  20717-3 0  9995
2 41993  97.1352  13.6249 0012037 268.3257  91.6669 16.48057962374094
1 41994U 17008AY  23141.44322872  .07358207  23785-5  11511-2 0  9999
2 41994  97.1804 213.6148 0015460 262.8527  97.1012 16.33596085348765
1 41995U 17008AZ  23330.47488252  .15388721  24325-5  30050-3 0  9992
2 41995  97.1563  37.3002 0011591 268.5018  91.4958 16.46478059378412
1 41996U 17008BA  23154.99357619  .15059663  24453-5  27329-3 0  9993
2 41996  97.1871 227.8495 0016359 255.6535 104.2953 16.46327993350750
1 41997U 17008BB  23144.13429872  .11406969  24188-5  62831-3 0  9993
2 41997  97.1822 217.6525 0014603 268.0755  91.8873 16.40862598349232
1 41998U 17008BC  23318.45457193  .05329865  23261-5  13974-2 0  9995
2 41998  97.1552  24.5026 0007428 276.5389  83.5059 16.28519529375757
1 42059U 98067LA  18339.01149046  .06405725  12366-4  60592-3 0  9995
2 42059  51.6130 167.8594 0005581 291.7965  68.1758 16.37729977100369
1 42067U 98067LC  18104.90495566 +.09503622 +12400-4 +83726-3 0  9994
2 42067 051.6203 284.7698 0009392 289.2689 070.7320 16.38216420063392
1 42068U 98067LD  18276.57796935  .05750731  12379-4  45595-3 0  9990
2 42068  51.6138 125.1133 0009436 273.2644 116.3545 16.39102120 90506
1 42069U 98067LE  18317.41612592  .10409091  12363-4  80363-3 0  9997
2 42069  51.6091 277.8449 0001444 157.4191 202.7513 16.39515188 96953
1 42752U 17019B   23095.60443560  .06582854  12218-4  13622-2 0  9997
2 42752  51.5959 221.2246 0010821 316.1053  43.9109 16.30107136326652
1 42753U 17019C   22353.25873013  .22646661  12618-4  41625-3 0  9999
2 42753  51.6025 358.8132 0001102  63.3968  47.0288 16.47652270310419
1 42754U 17019D   23117.44101075  .08756981  12309-4  97648-3 0  9996
2 42754  51.5933 114.9785 0000847 334.6894  25.4089 16.36333738329994
1 42755U 17019E   22359.16198531  .26544600  12488-4  94758-3 0  9996
2 42755  51.5967 329.9427 0002778 141.3157 288.0284 16.44430810311233
1 42771U 17036G   23249.15340634  .13294699  24071-5  54554-3 0  9992
2 42771  97.1030 291.7499 0011014 249.5903 110.4217 16.42720636345907
1 42772U 17036H   23169.58846524  .11194421  23518-5  68794-3 0  9996
2 42772  97.0761 212.5873 0014677 259.9597 100.0048 16.40372820333648
1 42773U 17036J   23264.05391895  .09721471  23555-5  15649-2 0  9990
2 42773  97.1029 304.9691 0008950 248.1619 111.8726 16.33608385348057
1 42774U 17036K   23241.34218515  .14968973  24282-5  35473-3 0  9997
2 42774  97.1036 284.5061 0012031 240.0730 119.9378 16.45353723344728
1 42779U 17036Q   23176.05523308  .13223634  23846-5  55590-3 0  9990
2 42779  97.1005 225.1506 0013212 255.0230 104.9609 16.42301080334914
1 42780U 17036R   23214.98925458  .14484810  23858-5  68662-3 0  9992
2 42780  97.1077 259.6173 0014025 245.0506 114.9338 16.41625607340690
1 42781U 17036S   23333.64384347  .00098006  00000-0  11600-2 0  9995
2 42781  97.1167  11.3538 0003963 183.9905 176.1322 15.60932912358648
1 42782U 17036T   23246.17328073  .10441335  23494-5  11836-2 0  9997
2 42782  97.1030 292.2506 0014646 240.2651 119.7191 16.36684689345639
1 42837U 17042N   23333.50882306  .00009393  00000-0  76157-3 0  9997
2 42837  97.3797 167.2465 0012996  20.5747 339.5998 14.99816784347525
1 42838U 17042P   23333.50817735  .00010578  00000-0  85811-3 0  9996
2 42838  97.3783 167.0824 0013046  19.3444 340.8273 14.99764102347522
1 42839U 17042Q   23333.50136538  .00009673  00000-0  79597-3 0  9990
2 42839  97.3803 166.7288 0012232  23.0714 337.1057 14.99247542347482
1 42840U 17042R   23333.54109834  .00012091  00000-0  99209-3 0  9995
2 42840  97.3773 167.1708 0010978  18.1953 341.9662 14.99313034347482
1 42841U 17042S   23333.51616235  .00010722  00000-0  88257-3 0  9991
2 42841  97.3827 168.4863 0012392  17.5044 342.6604 14.99206532347551
1 42842U 17042T   23333.51249534  .00011926  00000-0  97137-3 0  9990
2 42842  97.3807 168.4366 0012415  18.7288 341.4391 14.99587137347572
1 42845U 17042W   23333.49232885  .00013835  00000-0  10520-2 0  9992
2 42845  97.3827 167.9872 0009695  38.7514 321.4405 15.02205398347680
1 42881U 17042BJ  22181.44765428  .12777812  21689-5  32336-3 0  9997
2 42881  96.7771  23.2502 0010666 281.9858  78.0250 16.45171906279196
1 43041U 17071E   22047.47866013  .12660808  12369-4  13631-2 0  9990
2 43041  51.6013 233.8983 0010718 293.2236  66.9090 16.36412409239864
1 43045U 17071J   22029.22501455  .08757133  12214-4  95313-3 0  9993
2 43045  51.6084 315.2152 0005416 189.0545 171.6909 16.36493039234870
1 43046U 17071K   22081.13235072  .21102527  12971-4  25682-3 0  9999
2 43046  51.5583  74.6700 0022357 343.4707  19.0323 16.47681072242713
1 43047U 17071L   22041.99650516  .15917996  12472-4  46283-3 0  9997
2 43047  51.5905 266.0012 0007521 241.6527 118.3743 16.44792137236668
1 43048U 17071M   22059.50378313  .10572881  12437-4  10170-2 0  9997
2 43048  51.6101 172.5059 0007813 326.7224  33.3310 16.37518138239470
1 43051U 17071Q   22046.98283353  .08169063  12372-4  72980-3 0  9995
2 43051  51.6200 236.2415 0008301 280.5979  79.4111 16.38139797237463
1 43053U 17071S   22076.20805877  .25421876  12696-4  42437-3 0  9991
2 43053  51.5276 100.7529 0010652 303.3456  58.2728 16.47225911241877
1 43054U 17071T   22067.33964858  .15431095  12518-4  55689-3 0  9990
2 43054  51.6066 139.2293 0003296 268.6655  91.3996 16.44325644240573
1 43123U 18004N   23107.75171009  .07608347  24850-5  86101-3 0  9997
2 43123  97.3285 198.5362 0014327 277.1650  82.8019 16.36714651293707
1 43124U 18004P   23128.76398810  .05006296  24211-5  17256-2 0  9991
2 43124  97.3252 219.4347 0016235 267.4777  92.4656 16.25052509296926
1 43125U 18004Q   23106.03360658  .18095934  25378-5  35088-3 0  9997
2 43125  97.3204 199.3026 0013300 265.2742  94.7042 16.46315292293567
1 43126U 18004R   23094.73050810  .09500828  24669-5  13681-2 0  9996
2 43126  97.3321 187.3596 0012800 286.5190  73.4700 16.34538401291798
1 43165U 18010C   23231.76569747  .18111869 -13453-5  19166-3 0  9994
2 43165  82.8708   7.4880 0014010 268.5363  91.4338 16.50003139310662
1 43167U 18010E   23312.90056407  .18407987 -14507-5  31027-3 0  9996
2 43167  82.8460 297.4309 0012194 348.3259  11.7760 16.47265160322621
1 43182U 18014C   23333.30249212  .00013850  00000-0  92386-3 0  9997
2 43182  97.6025 233.2803 0012776 328.3305  31.7152 15.07098697318448
1 43183U 18014D   23333.26295273  .00016909  00000-0  10696-2 0  9992
2 43183  97.6019 234.0263 0012762 318.2014  41.8239 15.09010827318484
1 43184U 18014E   23333.69243059  .00016991  00000-0  11108-2 0  9995
2 43184  97.5880 233.3314 0010726 301.7725  58.2458 15.07817384318502
1 43185U 18014F   23333.71469423  .00019476  00000-0  12594-2 0  9995
2 43185  97.5965 233.9245 0007336 310.7393  49.3198 15.08215720318521
1 43558U 18046E   23037.24480465  .06807952  12246-4  10326-2 0  9992
2 43558  51.6107  67.8164 0002840  51.8838 308.2441 16.33434466256078
1 43559U 18046F   23009.61189711  .06481185  12119-4  12269-2 0  9996
2 43559  51.6211 202.8665 0010495 256.1146 103.8710 16.31038202251595
1 43560U 18046G   23018.52095747  .17623919  12665-4  36316-3 0  9994
2 43560  51.6241 161.1195 0006225 321.2440  38.8142 16.46598424253166
1 43561U 18046H   23044.23424138  .06946628  12063-4  15307-2 0  9993
2 43561  51.6262  40.3393 0007662 120.2665 239.9117 16.29549322256624
1 43695U 18088F   23277.28928165  .16844183 -15090-5  30127-3 0  9996
2 43695  84.9725 347.9584 0009253 264.2646  95.7608 16.47256556273096
1 43697U 18088H   23243.77183151  .14186348 -15281-5  26524-3 0  9991
2 43697  85.0066  10.1197 0014502 281.8230  78.1452 16.46398187268153
1 43731U 18096N   23032.52015779  .12965125  25322-5  38277-3 0  9998
2 43731  97.3292 130.3380 0015950 294.6211  65.3429 16.43671946233931
1 43732U 18096P   23034.70034826  .15768859  25390-5  32251-3 0  9994
2 43732  97.3384 133.2453 0014621 288.2402  71.7309 16.45848986234304
1 43745U 18096AC  23050.85270130  .08273759  24638-5  15297-2 0  9998
2 43745  97.3325 148.8883 0015337 287.7909  72.1712 16.31930650236774
1 43746U 18096AD  23009.13154384  .16119272  25268-5  28489-3 0  9992
2 43746  97.3387 107.5673 0013183 294.3099  65.6827 16.46866248230419
1 43882U 18111G   23333.75286547  .00029448  00000-0  17855-2 0  9990
2 43882  97.6438 240.7581 0007022 313.4042  46.6602 15.10484206267447
1 43883U 18111H   23333.55630421  .00029093  00000-0  16595-2 0  9999
2 43883  97.6227 240.4894 0007215 309.5766  50.4826 15.12695388269474
1 43884U 18111J   23333.25530877  .00019710  00000-0  11860-2 0  9996
2 43884  97.6365 240.9973 0001474  39.4419 320.6917 15.10867584267430
1 43885U 18111K   23333.24257542  .00020558  00000-0  12545-2 0  9994
2 43885  97.6353 240.2858 0013050 304.2043  55.7949 15.10279133269386
1 43886U 18111L   23333.70030705  .00028566  00000-0  17434-2 0  9995
2 43886  97.6310 240.5441 0011843 325.2934  34.7522 15.10214928267463
1 43887U 18111M   23333.31241881  .00021265  00000-0  12879-2 0  9999
2 43887  97.6375 241.2031 0008113 267.3542  92.6758 15.10589886269436
1 43888U 18111N   23333.31358727  .00022955  00000-0  13689-2 0  9995
2 43888  97.6714 243.2946 0012178 358.7718   1.3479 15.11101530269453
1 43889U 18111P   23333.74266302  .00031436  00000-0  18206-2 0  9994
2 43889  97.6607 243.5705 0010151   2.8810 357.2476 15.12108680269522
1 44084U 19018G   23066.40435575  .15178295  24395-5  61498-3 0  9996
2 44084  97.2563 136.7438 0016789 219.3641 140.6441 16.41959867219528
1 44085U 19018H   23180.53932928  .08226195  24079-5  12209-2 0  9991
2 44085  97.2229 249.6065 0014629 260.3772  99.5872 16.34154283237071
1 44086U 19018J   23122.99252932  .11233207  24440-5  10937-2 0  9992
2 44086  97.2466 193.4690 0018228 269.4737  90.4473 16.37801682228257
1 44087U 19018K   23071.57587449  .11756393  23916-5  32211-2 0  9996
2 44087  97.2503 143.0181 0013418 261.7624  98.2148 16.27820935220384
1 44396U 19038L   23333.50240449  .00194892  00000-0  23749-2 0  9999
2 44396  97.6391 323.9664 0018390  54.9401 305.3576 15.59652820244192
1 44402U 19038S   23333.50847147  .00189663  00000-0  21660-2 0  9995
2 44402  97.6390 324.3778 0016029  55.0843 305.1917 15.61418097244229
1 44403U 19038T   23333.97692761  .00140013  00000-0  22782-2 0  9999
2 44403  97.6504 323.7987 0017562  60.9854 299.3155 15.51998765244167
1 44405U 19038V   23333.93863978  .00157696  00000-0  24589-2 0  9999
2 44405  97.6527 323.0826 0018874  50.8303 309.4623 15.53096454244162
1 44407U 19038X   23333.49960982  .00065038  00000-0  15519-2 0  9996
2 44407  97.6683 319.7001 0017542  74.7513 285.5671 15.41156606243803
1 44409U 19038Z   23333.92536195  .00166337  00000-0  23479-2 0  9999
2 44409  97.6453 324.4984 0017764  46.9627 313.3111 15.55823996244275
1 44411U 19038AB  23333.97504978  .00190426  00000-0  25114-2 0  9995
2 44411  97.6449 325.4601 0019352  63.6894 296.6346 15.57543069243945
1 44413U 19038AD  23333.92742457  .00085859  00000-0  18993-2 0  9998
2 44413  97.6641 320.4844 0017208  61.5674 298.7304 15.43345411243927
1 44855U 19089D   23333.70348787  .00025369  00000-0  10872-2 0  9996
2 44855  36.9617 152.1784 0006870 308.8033  51.2102 15.21957358218192
1 44860U 19089J   23333.53333059  .00037416  00000-0  15462-2 0  9995
2 44860  36.9610 154.5133 0007907 314.4100  45.6001 15.23081492218032
1 44861U 19089K   23333.78434237  .00036251  00000-0  16695-2 0  9998
2 44861  36.9579 158.3431 0007306 302.1793  57.8246 15.19404200218076
1 44863U 19089M   23333.53055495  .00024250  00000-0  10181-2 0  9998
2 44863  36.9598 152.5505 0005928 302.8403  57.1775 15.22668526218022
1 46298U 20061AC  23334.17164422  .00110422  00000-0  14404-2 0  9995
2 46298  97.3867  51.6225 0003472 121.7425 238.4169 15.58318530179762
1 46299U 20061AD  23334.15126334  .00153960  00000-0  12124-2 0  9995
2 46299  97.3876  54.8742 0004772 136.0505 224.1138 15.70975659179992
1 46315U 20061AV  23333.77015768  .00914975  42241-3  15677-2 0  9992
2 46315  97.3771  56.9577 0006480 268.7223  91.3315 16.02533074180138
1 46316U 20061AW  23288.97804099  .01601687  20330-2  14707-2 0  9998
2 46316  97.3690  12.4550 0014775 214.1570 145.8766 16.12695915173291
1 46317U 20061AX  23325.94000864  .16925645  26821-5  37490-3 0  9994
2 46317  97.3528  50.4643 0008982 218.2272 141.8395 16.46079454179037
1 46318U 20061AY  23332.19973089  .00863652  37968-3  13689-2 0  9995
2 46318  97.3692  56.2296 0007059 209.1255 150.9632 16.03833706179960
1 46500U 20068Q   23333.42241311  .00033376  00000-0  13001-2 0  9992
2 46500  97.7721 287.4737 0004940 290.6569  69.4138 15.25896304174255
1 46501U 20068R   23334.11563811  .00035597  00000-0  14362-2 0  9990
2 46501  97.7754 288.4149 0006059 284.3308  75.7256 15.24699232174356
1 46502U 20068S   23333.81664063  .00049598  00000-0  19228-2 0  9990
2 46502  97.7735 287.9120 0004631 285.3601  74.7124 15.25958486174319
1 46503U 20068T   23333.39288402  .00027556  00000-0  11680-2 0  9997
2 46503  97.7760 286.8337 0006621 298.0702  61.9863 15.23087760174202
1 46908U 20081D   23334.06896838  .00047336  00000-0  22159-2 0  9995
2 46908  36.8984 282.1619 0005663 189.5346 170.5294 15.18774356168305
1 46909U 20081E   23334.11418680  .00065492  00000-0  27126-2 0  9999
2 46909  36.8977 273.2370 0007477 208.5461 151.4878 15.22838289168417
1 46910U 20081F   23333.23385338  .00052483  00000-0  22986-2 0  9991
2 46910  36.8979 281.9529 0006323 192.6359 167.4231 15.21024324168237
1 46911U 20081G   23334.06185174  .00050418  00000-0  23856-2 0  9993
2 46911  36.9039 280.3811 0009079 183.7624 176.3055 15.18363979168332
1 46925U 98067RV  21354.50774834  .11296266  12432-4  10085-2 0  9994
2 46925  51.6322  96.4191 0005032 349.2763  10.8155 16.38239480 64184
1 46926U 98067RW  22004.45615545  .07498914  12263-4  95904-3 0  9990
2 46926  51.6285  23.0087 0001611  88.6404 271.4805 16.35071279 66511
1 47450U 21006AP  23333.71649357  .00245426  00000-0  26687-2 0  9999
2 47450  97.3676  36.8108 0005357 193.0175 167.0946 15.62644670158369
1 47453U 21006AS  23334.12287343  .00619041  00000-0  32097-2 0  9991
2 47453  97.3692  39.2427 0003770 231.5297 128.5633 15.79383386158537
1 47457U 21006AW  23334.15263519  .00781435  00000-0  31725-2 0  9991
2 47457  97.3655  39.4657 0003248 238.0909 122.0045 15.84308379158574
1 47493U 21006CJ  23334.16662011  .00082406  00000-0  18150-2 0  9991
2 47493  97.3663  32.8015 0005795 210.9672 149.1235 15.43627810158180
1 47511U 21006DC  23334.09002670  .00141310  00000-0  23696-2 0  9994
2 47511  97.3631  33.6946 0002537 186.2723 173.8498 15.51312345158246
1 47525U 21006DR  23333.73150112  .00467040  00000-0  30910-2 0  9992
2 47525  97.3620  37.8776 0003080 198.2995 161.8160 15.74211454158476
1 47529U 21006DV  23334.14936597  .00056307  00000-0  13711-2 0  9991
2 47529  97.3644  32.0331 0003864 197.0544 163.0573 15.40734242159096
1 47538U 21006DY  23333.72668269  .00072599  00000-0  14863-2 0  9992
2 47538  97.3692  34.9303 0005399 189.7797 170.3348 15.45830876158233
1 48269U 21034B   23333.71516310  .00012414  00000-0  11470-2 0  9994
2 48269  97.6888  37.8859 0004234 117.0451 243.1202 14.94722839140513
1 48273U 21034F   23333.73771313  .00014743  00000-0  13554-2 0  9999
2 48273  97.6888  37.9976 0004609 112.9290 247.2417 14.94876660140537
1 48885U 21059G   23333.92757579  .00183064  00000-0  22189-2 0  9991
2 48885  97.5870 119.4700 0004124 337.4601  22.6474 15.60016832135071
1 48923U 21059AW  23333.40871185  .00046257  00000-0  74518-3 0  9993
2 48923  97.5881 120.2552 0004505  25.8315 334.3161 15.52805569135120
1 48925U 21059AY  23333.48516291  .07945324  25426-5  18683-2 0  9991
2 48925  97.5712 126.2875 0007985 317.5965  42.4711 16.29694656135447
1 48927U 21059BA  23333.94388777  .00153294  00000-0  19516-2 0  9992
2 48927  97.6062 121.2880 0006609   7.3707 352.7644 15.58801438135181
1 48929U 21059BC  23333.93937132  .00261155  00000-0  22434-2 0  9997
2 48929  97.5788 122.5151 0006353 341.7624  18.3408 15.68531595135314
1 48959U 21059CJ  23226.20002506  .08131465  26458-5  79689-3 0  9992
2 48959  97.5723  16.2391 0015235 284.8477  75.1133 16.37941658119054
1 51021U 22002AP  23333.20365290  .00045334  00000-0  96198-3 0  9991
2 51021  97.4234  44.8068 0004328  36.9509 323.2037 15.44905958104262
1 51022U 22002AQ  23333.74768637  .00264702  00000-0  29114-2 0  9998
2 51022  97.4188  45.8862 0002865 343.1334  16.9828 15.62294532104394
1 51036U 22002BE  23333.73260109  .00048207  00000-0  14432-2 0  9990
2 51036  97.4208  40.5945 0006122  32.3958 327.7660 15.34357958104034
1 51054U 22002BY  23333.72090226  .00065807  00000-0  18609-2 0  9995
2 51054  97.4187  40.8286 0005029  32.3400 327.8152 15.36072903104053
1 51058U 22002CC  23334.17781550  .00052200  00000-0  14796-2 0  9992
2 51058  97.4160  41.0865 0005020  21.4330 338.7123 15.36064765104120
1 51100U 22003G   23160.50983775  .07189924  10469-4  83884-3 0  9998
2 51100  44.9375 197.5548 0003248  17.5861 342.5174 16.35742503 79148
1 52732U 22057A   23333.89235146  .00157757  00000-0  26838-2 0  9998
2 52732  97.5663  96.5418 0003119 156.7808 203.3585 15.50841850 84217
1 52733U 22057B   23332.33683594  .00065262  00000-0  18144-2 0  9991
2 52733  97.5450  90.9608 0004788 159.8383 200.3051 15.36607937 83782
1 52736U 22057E   23333.34197406  .00188094  00000-0  25894-2 0  9997
2 52736  97.5512  95.9761 0001560 180.1227 180.0028 15.56600112 84192
1 52740U 22057J   23333.90270444  .00061614  00000-0  17774-2 0  9994
2 52740  97.5657  94.0811 0007099 128.3523 231.8358 15.35455566 84031
1 52769U 22057AP  23333.89764101  .00036904  00000-0  10178-2 0  9996
2 52769  97.5651  94.3041 0006538 107.8151 252.3806 15.36994076 84053
1 55013U 23001E   23333.15454609  .00054666  00000-0  18544-2 0  9999
2 55013  97.4540  32.1490 0007574 145.4864 214.6870 15.30308298 50203
1 55014U 23001F   23334.14399971  .00055823  00000-0  19568-2 0  9993
2 55014  97.4582  33.1527 0008509 150.1754 209.9972 15.29227153 50345
1 55017U 23001J   23333.69794658  .00045549  00000-0  16497-2 0  9998
2 55017  97.4524  32.2770 0008198 146.2212 213.9551 15.28211993 50266
1 55037U 23001AE  23334.15261057  .00075133  00000-0  22207-2 0  9992
2 55037  97.4589  34.5729 0011455 134.7968 225.4208 15.34587410 50431
1 55038U 23001AF  23333.14529649  .00019395  00000-0  70618-3 0  9993
2 55038  97.4615  33.3906 0013951 141.6968 218.5265 15.28164059 50266
1 55088U 23001CH  23334.15037694  .00060075  00000-0  20335-2 0  9995
2 55088  97.4618  33.9331 0012650 133.8296 226.3993 15.30302406 50385
1 56182U 23054E   23333.27070825  .00033959  00000-0  11598-2 0  9996
2 56182  97.3771 226.1987 0007535 153.3048 206.8582 15.30204258 35354
1 56187U 23054K   23333.65455358  .00039210  00000-0  13141-2 0  9993
2 56187  97.3785 226.7710 0008324 133.7020 226.4912 15.30778573 35422
1 56206U 23054AE  23333.66536833  .00114778  00000-0  24121-2 0  9997
2 56206  97.3715 228.4936 0010775 115.7156 244.5207 15.44845861 35540
1 56970U 23084AQ  23333.79566414  .00009474  00000-0  49869-3 0  9993
2 56970  97.5342  88.5505 0015444 353.0670   7.0346 15.15743240 25720
1 56974U 23084AU  23333.28289119  .00036115  00000-0  16909-2 0  9995
2 56974  97.5221  88.2418 0013653 342.3502  17.7257 15.19552585 25672
1 56977U 23084AX  23333.28142347  .00030669  00000-0  14372-2 0  9999
2 56977  97.5247  88.2897 0014290 343.9192  16.1587 15.19551049 25677
1 57390U 23100E   23333.37518307  .00013161  00000-0  10416-2 0  9994
2 57390  99.4891 127.4912 0014886 222.9969 137.0086 15.00706264 20129
1 57391U 23100F   23333.94095634  .00013641  00000-0  10726-2 0  9998
2 57391  99.4646 128.2173 0012669 213.3332 146.7090 15.00967742 20213
