1 43139U 18004AE  22352.75587960  .14606537  24899-5  65388-3 0  9996
2 43139  97.3411  83.9981 0009434 283.7433  76.2818 16.42534282275570
1 43140U 18004AF  22275.88077623  .18309537  25640-5  47414-3 0  9995
2 43140  97.3481   9.6210 0019483 280.1672  79.7432 16.43882287263917
1 43141U 18004AG  22249.99215889  .13616117  25214-5  83879-3 0  9999
2 43141  97.3560 344.6117 0016906 267.0300  92.9065 16.40015958259984
1 43142U 18004AH  22214.78577105  .17233459  25481-5  43567-3 0  9995
2 43142  97.3558 309.4769 0014079 269.1238  90.8451 16.44744451254573
1 43816U 18099BL  23252.49077632  .00007739  00000-0  56565-3 0  9997
2 43816  97.5908 315.7237 0012522 164.2540 195.9077 15.03843069259973
1 43817U 18099BM  23252.20253083  .00046771  00000-0  19257-2 0  9998
2 43817  97.5845 324.8150 0004957 157.3860 202.7596 15.23952556260463
1 43818U 18099BN  23252.42408306  .00013082  00000-0  84752-3 0  9995
2 43818  97.5819 318.1091 0012079 179.8836 180.2397 15.08197134260253
1 44370U 19037F   21350.61299883  .12361281  10367-4  13991-2 0  9995
2 44370  44.9663 238.6552 0009582 239.8689 120.1285 16.35851441139811
1 44371U 19037G   21115.38628577  .04142189  47795-1  31371-2 0  9994
2 44371  44.9858 123.2481 0004816 133.1113 227.0208 16.18815125103364
1 46300U 20061AE  23164.14480285  .14914779  24971-5  22090-2 0  9995
2 46300  97.3654 244.1209 0017135 271.5566  88.3767 16.34024146153874
1 46301U 20061AF  23163.56836508  .04423082  24041-5  33673-2 0  9992
2 46301  97.3883 243.6407 0018256 269.2700  90.6494 16.14710818153770
1 46302U 20061AG  23114.29073692  .01685535  00000-0  84979-2 0  9995
2 46302  97.3940 192.9674 0009306 252.5503 107.4747 15.78909173146154
1 46303U 20061AH  23150.87719030  .18735777  25462-5  53193-3 0  9994
2 46303  97.3736 230.9350 0016822 259.4026 100.5381 16.43757047151843
1 46304U 20061AJ  23142.93290751  .11928398  24888-5  21972-2 0  9993
2 46304  97.3790 222.6001 0020488 266.6659  93.2292 16.31644846150601
1 46305U 20061AK  23083.86119944  .04441775  53865-1  54130-2 0  9990
2 46305  97.3877 164.2682 0014878 286.6211  73.3441 16.13153086141602
1 46306U 20061AL  23131.56194719  .10147990  24695-5  27504-2 0  9992
2 46306  97.3784 211.4349 0016398 272.3902  87.5513 16.27796821148916
1 46307U 20061AM  23099.61704986  .09686171  24584-5  30271-2 0  9994
2 46307  97.3788 179.8161 0014429 279.8719  80.0943 16.26278723144007
1 46308U 20061AN  23128.18027127  .06423436  24422-5  29937-2 0  9993
2 46308  97.3771 208.0263 0019442 288.1628  71.7544 16.21206783148358
1 46309U 20061AP  23107.24950196  .17234634  25239-5  19912-2 0  9990
2 46309  97.3790 187.3006 0016916 278.1310  81.8068 16.36365805145160
1 46310U 20061AQ  23114.09986349  .11309309  24498-5  38235-2 0  9993
2 46310  97.3714 194.0225 0014794 272.3349  87.6249 16.25346763146241
1 46311U 20061AR  23116.57717040  .04951561  24046-5  36396-2 0  9999
2 46311  97.3852 196.3680 0016321 273.7589  86.1831 16.15290086146600
1 46933U 20085E   22281.01861201  .01859518  20708-2  45060-2 0  9997
2 46933  97.4185  66.8830 0014425 310.4697  49.5321 15.96645343105194
1 46934U 20085F   22295.66596760  .12030776  24905-5  25752-2 0  9990
2 46934  97.4028  81.9302 0014351 307.1127  52.8855 16.30460448107452
1 46935U 20085G   22299.80913157  .07300026  24763-5  27511-2 0  9993
2 46935  97.4176  86.2026 0016413 306.1995  53.7777 16.23979325108085
1 46936U 20085H   22320.41693343  .12248382  24657-5  29616-2 0  9990
2 46936  97.4192 107.0048 0010677 301.8661  58.1593 16.29308369111234
1 46937U 20085J   22320.35151327  .06301469  24487-5  27624-2 0  9992
2 46937  97.4097 106.5017 0013849 313.8879  46.1266 16.22240437111213
1 46938U 20085K   23079.36266274  .09852499  25028-5  20841-2 0  9997
2 46938  97.4244 230.6985 0012759 286.2763  73.7128 16.30659471130131
1 46939U 20085L   23087.39745443  .11927900  25187-5  16996-2 0  9995
2 46939  97.4255 238.6552 0012635 291.8982  68.0971 16.34646002131358
1 46941U 20085N   23094.39409557  .14545141  25467-5  13853-2 0  9995
2 46941  97.4209 245.7229 0014339 288.2578  71.7160 16.38248384132429
1 46942U 20085P   23100.93513568  .08918764  25193-5  17775-2 0  9993
2 46942  97.4413 252.4056 0013811 292.7128  67.2707 16.31234373133429
1 46944U 20085R   22348.54730486  .10935408  24632-5  20736-2 0  9990
2 46944  97.4076 134.3185 0010293 309.8471  50.1918 16.31899208115507
1 46945U 20085S   22328.39268109  .10882814  24864-5  16529-2 0  9994
2 46945  97.4030 114.0158 0011600 304.7461  55.2742 16.34074717112410
1 46946U 20085T   22342.91554826  .02154508  37665-2  34443-2 0  9991
2 46946  97.4167 128.3849 0008789 315.9557  44.1022 16.04550249114620
1 46947U 20085U   22336.05226960  .03184423  26233-1  36919-2 0  9993
2 46947  97.4116 121.5019 0011623 307.2284  52.7940 16.13674593113577
1 46948U 20085V   22322.84499362  .16587553  25200-5  78022-3 0  9998
2 46948  97.4025 108.2583 0010842 290.1577  69.8557 16.42115875111556
1 46949U 20085W   22332.22610549  .05704462  24256-5  32168-2 0  9992
2 46949  97.4093 117.7471 0011424 302.0726  57.9452 16.19086185112995
1 46950U 20085X   22308.52155564  .18834605  25105-5  16803-2 0  9990
2 46950  97.4037  93.8656 0009197 280.3340  79.6921 16.39070559109367
1 46951U 20085Y   22299.00045353  .10980110  25059-5  22090-2 0  9995
2 46951  97.4125  84.4627 0014988 303.1410  56.8446 16.31077967107916
1 46952U 20085Z   22319.39546021  .11997926  24894-5  19017-2 0  9994
2 46952  97.4005 104.7242 0012579 304.7167  55.2943 16.33611814111022
1 46953U 20085AA  22295.15524735  .12314688  24892-5  23776-2 0  9994
2 46953  97.3983  80.4936 0013896 306.6150  53.3866 16.31559367107326
1 46956U 20085AD  22315.33768232  .07678241  24606-5  26061-2 0  9997
2 46956  97.4033 100.5129 0013640 308.2826  51.7238 16.25351006110310
1 46957U 20085AE  23071.94414602  .07115369  24596-5  30773-2 0  9994
2 46957  97.4410 223.2670 0009477 289.9576  70.0693 16.22557168128967
1 46958U 20085AF  22331.87016835  .15425650  25133-5  13449-2 0  9996
2 46958  97.4143 118.2871 0011478 295.0713  64.9394 16.39168198112290
1 46959U 20085AG  23063.85577456  .06965892  24527-5  32373-2 0  9999
2 46959  97.4219 215.4235 0013091 294.6888  65.3038 16.21535110127266
1 46960U 20085AH  22301.41340702  .10847260  24830-5  25083-2 0  9999
2 46960  97.4026  86.8269 0013967 308.4869  51.5172 16.29655812107406
1 47425U 21006N   23059.02899342  .12464569  24511-5  36884-2 0  9993
2 47425  97.3752 129.8405 0011461 279.8706  80.1293 16.27026894116789
1 47426U 21006P   23092.90850229  .15449166  25229-5  14417-2 0  9993
2 47426  97.3706 162.6166 0016624 270.5580  89.3814 16.38281273122864
1 47427U 21006Q   23101.15248261  .12607298  24895-5  21295-2 0  9998
2 47427  97.3682 170.8369 0014932 271.9156  88.0430 16.32863166123163
1 47428U 21006R   23108.26527329  .10283499  24652-5  24826-2 0  9998
2 47428  97.3621 177.7964 0014897 273.4518  86.5071 16.29146115125208
1 47429U 21006S   23252.71793660  .00041581  00000-0  11246-2 0  9993
2 47429  97.3777 313.2035 0010150 129.9288 230.2850 15.37542697145819
1 47431U 21006U   23157.42955330  .14235310  24997-5  16414-2 0  9990
2 47431  97.3532 224.4477 0016130 266.7286  93.2166 16.36435249132543
1 47432U 21006V   23161.99728730  .13985861  25055-5  14909-2 0  9995
2 47432  97.3554 229.0876 0014732 272.6263  87.3349 16.37229791133248
1 47433U 21006W   23153.13736858  .11037051  24854-5  17245-2 0  9992
2 47433  97.3618 220.0655 0018144 262.9297  96.9936 16.33440267131870
1 47434U 21006X   23097.52915932  .12702332  24713-5  30675-2 0  9993
2 47434  97.3736 164.6671 0014347 274.7429  85.2227 16.29169155122404
1 47442U 21006AF  23253.11059916  .00033494  00000-0  11234-2 0  9993
2 47442  97.3815 309.4175 0005563 146.7651 213.3940 15.30806610145567
1 47443U 21006AG  23164.52071571  .04963615  24162-5  26378-2 0  9997
2 47443  97.3659 231.5876 0016960 265.9945  93.9405 16.19651128132676
1 47444U 21006AH  23090.97575625  .19850650  25708-5  82896-3 0  9999
2 47444  97.3618 157.5328 0011541 252.2846 107.7195 16.42565374121424
1 47447U 21006AL  23077.22250132  .18228324  25267-5  18291-2 0  9991
2 47447  97.3682 145.5504 0013087 257.7207 102.2626 16.37860909119443
1 47449U 21006AN  23097.43026718  .19173422  25208-5  85139-3 0  9999
2 47449  97.3554 165.2177 0011249 275.1149  84.8867 16.42321382122501
1 47451U 21006AQ  23097.47715674  .16933057  25240-5  11201-2 0  9991
2 47451  97.3590 165.2217 0015454 271.4193  88.5336 16.39936970122502
1 47455U 21006AU  23101.12476099  .08762477  24255-5  37770-2 0  9999
2 47455  97.3573 168.7494 0015094 271.1866  88.7695 16.22398625123058
1 47459U 21006AY  23252.70325037  .00035935  00000-0  10818-2 0  9994
2 47459  97.3739 310.4625 0009206 142.1303 218.0589 15.34226778145661
1 47460U 21006AZ  23101.45180478  .11427645  24669-5  26731-2 0  9997
2 47460  97.3597 169.1331 0015905 273.4856  86.4619 16.29435535123106
1 47464U 21006BD  23100.12378794  .15472063  24947-5  21066-2 0  9997
2 47464  97.3582 169.7555 0014652 272.1186  87.8433 16.34977194123004
1 47465U 21006BE  23252.80891571  .00029647  00000-0  10007-2 0  9996
2 47465  97.3759 308.3321 0005232 150.0239 210.1303 15.30629003145515
1 47466U 21006BF  23125.74987668  .19225588  25332-5  94726-3 0  9995
2 47466  97.3532 192.0445 0013079 264.3989  95.5819 16.41586901126731
1 47468U 21006BH  23138.67575081  .13365337  24998-5  15188-2 0  9997
2 47468  97.3507 205.0202 0014841 266.6588  93.3012 16.36646441128710
1 47470U 21006BK  23130.84403206  .11440428  24635-5  26484-2 0  9992
2 47470  97.3593 197.1699 0017481 264.2692  95.6609 16.29459565127517
1 47480U 21006BV  23122.81222798  .19470209  25362-5  84623-3 0  9992
2 47480  97.3548 189.0995 0013820 263.0074  96.9654 16.42057045126280
1 47703U 21015E   23009.89431315  .07351288  24145-5  35576-2 0  9991
2 47703  97.3758  98.1025 0012684 315.9948  44.0330 16.21035236104252
1 47704U 21015F   23004.22232170  .03176949  26714-1  36890-2 0  9997
2 47704  97.3745  92.4932 0009421 315.3930  44.6597 16.13811665103375
1 47705U 21015G   23004.14620061  .17497228  24343-5  15241-2 0  9997
2 47705  97.3706  92.6267 0010209 310.2291  49.8114 16.39235580103394
1 47706U 21015H   23001.63249112  .09331765  24261-5  23735-2 0  9993
2 47706  97.3652  90.0110 0009313 305.0844  54.9576 16.28799769103003
1 47707U 21015J   22360.35200059  .18351332  25167-5  81566-3 0  9992
2 47707  97.3552  83.5521 0009807 275.2343  84.7839 16.42515928102030
1 47708U 21015K   22354.63111145  .10463150  24216-5  27507-2 0  9996
2 47708  97.3662  77.9415 0009745 307.9616  52.0796 16.28419672101165
1 47709U 21015L   22351.71629796  .11274378  24508-5  19405-2 0  9994
2 47709  97.3652  75.1569 0010786 303.3164  56.7098 16.32868046100646
1 47710U 21015M   22337.09384299  .03582497  29195-1  33575-2 0  9999
2 47710  97.3791  60.2365 0010054 290.1803  69.8402 16.15966008 98460
1 47711U 21015N   22327.84515907  .09337936  24369-5  22090-2 0  9998
2 47711  97.3644  51.0661 0009611 298.7836  61.2492 16.29583938 97053
1 47712U 21015P   22343.17387209  .02793848  12779-1  38530-2 0  9990
2 47712  97.3752  66.3085 0007704 305.1908  54.8653 16.09323628 99399
1 47714U 21015Q   22329.15685749  .17610715  25168-5  97653-3 0  9993
2 47714  97.3638  52.3980 0010421 276.1592  83.8521 16.41448405 97176
1 47715U 21015R   22347.69386243  .19751485  25308-5  58903-3 0  9993
2 47715  97.3727  71.2330 0014122 309.7419  50.2637 16.43867895100102
1 48626U 21006ES  23096.80554974  .17625859  24718-5  37477-3 0  9998
2 48626  97.1227 144.1269 0009783 244.8871 115.1417 16.46212021122486
1 48627U 21006ET  23091.67013592  .18513959  24015-5  11287-2 0  9993
2 48627  97.1322 139.1091 0012715 256.4031 103.5854 16.40704536121695
1 48628U 21006EU  23103.57727894  .14680396  23557-5  20922-2 0  9996
2 48628  97.1265 150.5803 0013569 258.4134 101.5640 16.34602806123518
1 48629U 21006EV  23107.04376461  .21894054  24313-5  79556-3 0  9998
2 48629  97.1259 153.9185 0012244 247.8740 112.1262 16.43132758124047
1 48630U 21006EW  23109.70852025  .07815112  22903-5  33783-2 0  9996
2 48630  97.1279 156.3744 0013510 252.5676 107.4138 16.22432095124444
1 48631U 21006EX  23113.39518077  .04913110  22702-5  28792-2 0  9998
2 48631  97.1296 159.8872 0013338 251.8598 108.1238 16.18513684125008
1 48632U 21006EY  23115.53815084  .04479463  22622-5  31046-2 0  9990
2 48632  97.1360 161.8436 0012362 256.3352 103.6559 16.16260985125326
1 48633U 21006EZ  23120.47362720  .08323446  23017-5  31392-2 0  9990
2 48633  97.1318 166.6644 0013553 250.6736 109.3090 16.24102196126085
1 48634U 21006FA  23127.39117530  .15977679  23622-5  17212-2 0  9994
2 48634  97.1270 173.3866 0015517 256.1834 103.7738 16.37092163127147
1 48635U 21006FB  23131.11649056  .05197289  22555-5  36089-2 0  9990
2 48635  97.1277 176.8212 0014555 242.3425 117.6386 16.16157971127703
1 48636U 21006FC  23143.15969595  .10949963  23330-5  23380-2 0  9993
2 48636  97.1273 188.5621 0013942 251.7818 108.1960 16.30511000129554
1 48637U 21006FD  23152.19591780  .08555475  23089-5  25650-2 0  9996
2 48637  97.1205 197.3729 0013805 248.8568 111.1250 16.26787168130940
1 48882U 21059D   23252.67591061  .01334506  95334-3  27570-2 0  9998
2 48882  97.5695  39.7789 0012991 285.1997  74.7843 15.99277179122879
1 48883U 21059E   23252.38595088  .00045807  00000-0  12220-2 0  9991
2 48883  97.6018  31.7118 0004962 324.3627  35.7285 15.37985581122303
1 48884U 21059F   23252.64845656  .00043334  00000-0  11967-2 0  9990
2 48884  97.6029  31.7005 0004735 329.3067  30.7899 15.36927282122323
1 48886U 21059H   23252.94813054  .00050767  00000-0  13875-2 0  9990
2 48886  97.6026  32.0651 0004740 326.6163  33.4781 15.37210886122377
1 48887U 21059J   23252.89484518  .01855666  24113-2  30168-2 0  9993
2 48887  97.5710  40.0698 0013824 286.4617  73.5144 16.03791062122919
1 48888U 21059K   23252.63355318  .00047298  00000-0  12463-2 0  9999
2 48888  97.6031  32.2135 0004854 325.2975  34.7952 15.38359581122355
1 48889U 21059L   23252.36340224  .04497375  25304-5  24025-2 0  9995
2 48889  97.5584  40.2257 0014660 281.3392  78.6249 16.19680953122865
1 48890U 21059M   23252.87312608  .00055632  00000-0  14444-2 0  9995
2 48890  97.6025  32.4468 0004955 322.9887  37.1016 15.38772646122393
1 48891U 21059N   23251.94286177  .01053315  51016-3  27891-2 0  9997
2 48891  97.5759  39.1329 0012729 285.4749  74.5119 15.94622480122756
1 48893U 21059Q   23252.61812665  .00043937  00000-0  12059-2 0  9993
2 48893  97.6045  32.1052 0005399 329.4679  30.6250 15.37112166122334
1 48894U 21059R   23252.61178272  .00051208  00000-0  12930-2 0  9991
2 48894  97.6049  32.9097 0005164 322.9629  37.1259 15.39648360122387
1 48895U 21059S   23252.34393471  .00042262  00000-0  11568-2 0  9998
2 48895  97.6042  31.8154 0005495 329.1706  30.9215 15.37204687122296
1 48896U 21059T   23252.33204310  .00046887  00000-0  12264-2 0  9992
2 48896  97.6029  31.7981 0005203 315.0459  45.0363 15.38587546122307
1 48897U 21059U   23252.63326104  .00049336  00000-0  12697-2 0  9994
2 48897  97.6049  32.6867 0005283 323.8298  36.2589 15.39073257122378
1 48899U 21059W   23252.63774916  .00048866  00000-0  12502-2 0  9996
2 48899  97.6047  33.0330 0005362 319.6832  40.4014 15.39256470122395
1 48904U 21059AB  23252.93085124  .00062601  00000-0  14966-2 0  9991
2 48904  97.6053  34.1030 0005929 316.0128  44.0645 15.41252380122485
1 48932U 21059BF  23070.68202897  .16209483  26181-5  18526-2 0  9997
2 48932  97.5338 215.2825 0015709 286.7211  73.2362 16.36538641 95175
1 48933U 21059BG  23059.87631962  .13466203  25787-5  27813-2 0  9997
2 48933  97.5310 204.5794 0015079 295.9375  64.0365 16.30797052 93542
1 48934U 21059BH  23077.78451256  .18799698  26154-5  78703-3 0  9990
2 48934  97.5277 222.2973 0011566 284.2746  75.7269 16.42549820 96244
1 48935U 21059BJ  23053.66893557  .10149329  25749-5  21575-2 0  9991
2 48935  97.5235 198.1895 0015575 303.4614  56.5191 16.30468953 92594
1 48936U 21059BK  23088.39883026  .11855710  25755-5  22239-2 0  9994
2 48936  97.5277 232.9441 0013282 282.9424  77.0387 16.31883316 97852
1 48937U 21059BL  23069.97773394  .04315638  47361-1  44893-2 0  9999
2 48937  97.5330 214.1829 0015156 291.5989  68.3681 16.14924748 95044
1 48939U 21059BN  23058.88032242  .20517574  26259-5  10683-2 0  9997
2 48939  97.5236 203.4447 0017981 265.8992  94.0252 16.40598589 93388
1 48940U 21059BP  23062.95372260  .19710181  26164-5  18623-2 0  9993
2 48940  97.5207 207.7154 0010083 268.3747  91.6396 16.38532335 94019
1 48945U 21059BU  23072.32812107  .10685461  25494-5  27467-2 0  9993
2 48945  97.5247 216.9657 0012704 292.2283  67.7662 16.28556811 95421
1 48946U 21059BV  23084.25669750  .11899296  25662-5  27484-2 0  9993
2 48946  97.5310 228.7474 0013888 288.1728  71.8053 16.29669845 97226
1 48947U 21059BW  23060.06871590  .05683622  25040-5  41247-2 0  9994
2 48947  97.5337 204.6315 0018877 308.1368  51.8215 16.15352319 93560
1 48949U 21059BY  23085.06483667  .19475489  26431-5  96064-3 0  9995
2 48949  97.5404 229.8229 0015881 266.5026  93.4457 16.41167007 97358
1 52009U 22026B   23252.54034395  .00046325  00000-0  12230-2 0  9995
2 52009  97.5044 257.6502 0019879 132.1510 228.1428 15.38113790 82578
1 52010U 22026C   23253.00013390  .00058292  00000-0  14837-2 0  9992
2 52010  97.5063 258.5817 0019225 130.3689 229.9238 15.39191493 82678
1 52011U 22026D   23252.74501889  .00054738  00000-0  13942-2 0  9995
2 52011  97.5054 258.2092 0019537 129.7199 230.5772 15.39180716 82627
1 52012U 22026E   23253.05948691  .00054967  00000-0  13743-2 0  9990
2 52012  97.5048 258.8969 0018725 131.4215 228.8643 15.39762640 82705
1 52013U 22026F   23252.56075871  .00052376  00000-0  13281-2 0  9996
2 52013  97.5049 258.1328 0020235 128.0968 232.2106 15.39314173 82601
1 52014U 22026G   23252.95716714  .00059829  00000-0  14853-2 0  9994
2 52014  97.5045 258.6771 0019206 128.6089 231.6880 15.39946450 82679
1 52015U 22026H   23252.58094086  .00048217  00000-0  12608-2 0  9990
2 52015  97.5060 257.8751 0019992 132.0501 228.2449 15.38397164 82580
1 52016U 22026J   23252.73285058  .00048445  00000-0  12787-2 0  9990
2 52016  97.5071 258.1684 0019833 131.0570 229.2392 15.38110927 82613
1 52018U 22026L   23252.48956452  .00110646  00000-0  18355-2 0  9997
2 52018  97.4965 260.4655 0017252 122.9270 237.3644 15.51569969 82753
1 52019U 22026M   23252.97858390  .00154027  00000-0  21713-2 0  9997
2 52019  97.4955 261.6307 0016649 122.6701 237.6162 15.55924401 82832
1 52020U 22026N   23252.76815370  .00045770  00000-0  12463-2 0  9993
2 52020  97.5059 257.8853 0020272 131.6623 228.6360 15.37152610 82557
1 52021U 22026P   23252.75929664  .00056254  00000-0  13989-2 0  9998
2 52021  97.5050 258.6139 0020471 129.3747 230.9316 15.39885214 82526
1 52022U 22026Q   23253.03938239  .00050289  00000-0  13449-2 0  9992
2 52022  97.5068 258.3685 0020148 130.1703 230.1309 15.37690036 82520
1 52023U 22026R   23252.76564105  .00050008  00000-0  13067-2 0  9994
2 52023  97.5072 258.2864 0019776 129.3823 230.9177 15.38414699 82499
1 52024U 22026S   23252.73459397  .00054560  00000-0  13797-2 0  9995
2 52024  97.5057 258.4291 0020842 127.5122 232.8021 15.39374019 82500
1 52025U 22026T   23252.57438731  .00070377  00000-0  15220-2 0  9994
2 52025  97.5032 259.2214 0018716 126.9953 233.3011 15.44052470 82549
1 52026U 22026U   23252.54984383  .00119173  00000-0  19035-2 0  9997
2 52026  97.4950 260.6761 0017146 123.2702 237.0196 15.52599870 82554
1 52027U 22026V   23252.58070135  .00047095  00000-0  12445-2 0  9994
2 52027  97.5051 257.7900 0019850 131.7179 228.5767 15.38081974 82369
1 52028U 22026W   23252.98489102  .00093302  00000-0  17898-2 0  9996
2 52028  97.5089 260.5185 0018018 124.0118 236.2847 15.47481435 82654
1 52029U 22026X   23252.52522946  .00045265  00000-0  11936-2 0  9993
2 52029  97.5047 257.6968 0020025 131.3506 228.9465 15.38153103 81075
1 52164U 22033H   23252.81288110  .00373868  00000-0  21209-2 0  9992
2 52164  97.3309 340.4049 0007738 232.1762 127.8805 15.77987272 80748
1 52166U 22033K   23252.76376430  .00341507  00000-0  20796-2 0  9996
2 52166  97.3347 340.3412 0007624 228.6735 131.3876 15.76462918 80729
1 52176U 22033V   23252.81168713  .00425907  00000-0  22248-2 0  9997
2 52176  97.3326 340.6393 0007419 238.8907 121.1633 15.79702158 80739
1 52177U 22033W   23252.99439574  .00296797  00000-0  21910-2 0  9991
2 52177  97.3368 339.9163 0007507 224.6967 135.3692 15.72090328 80698
1 52179U 22033Y   23252.49757641  .00193451  00000-0  17470-2 0  9995
2 52179  97.3371 338.8036 0006465 222.0423 138.0343 15.67501866 80604
1 52180U 22033Z   23252.77413109  .00208964  00000-0  19763-2 0  9999
2 52180  97.3333 338.6658 0006819 220.8078 139.2672 15.66300635 80605
1 52181U 22033AA  23252.73128493  .00192312  00000-0  18492-2 0  9992
2 52181  97.3383 338.9751 0006277 220.9046 139.1744 15.65940287 80614
1 52182U 22033AB  23252.79239711  .00246428  00000-0  20161-2 0  9999
2 52182  97.3391 339.4861 0006590 225.0629 135.0099 15.69768427 80642
1 52183U 22033AC  23252.49728014  .00178746  00000-0  16801-2 0  9999
2 52183  97.3364 338.8276 0006959 219.2839 140.7917 15.66547114 80594
1 52185U 22033AE  23252.79862080  .00357218  00000-0  21713-2 0  9997
2 52185  97.3353 340.2847 0007596 239.7895 120.2618 15.76462913 80698
1 52186U 22033AF  23252.78849586  .00231833  00000-0  20157-2 0  9998
2 52186  97.3354 339.2003 0006973 221.4792 138.5940 15.68319452 80638
1 52187U 22033AG  23252.76577528  .00356750  00000-0  22621-2 0  9995
2 52187  97.3362 340.2293 0007023 230.8486 129.2155 15.75496200 80698
1 52394U 22047A   23252.74611761  .00034880  00000-0  11337-2 0  9995
2 52394  97.4171 336.3139 0005868  55.8065 304.3732 15.31810707 76613
1 52395U 22047B   23252.22244304  .00069362  00000-0  16042-2 0  9995
2 52395  97.4144 338.0156 0003348  48.1506 312.0027 15.42232944 76681
1 52396U 22047C   23252.49478393  .00072787  00000-0  16859-2 0  9993
2 52396  97.4140 338.2625 0003500  46.3183 313.8353 15.42173132 76721
1 52397U 22047D   23252.73290805  .00072736  00000-0  17149-2 0  9998
2 52397  97.4142 338.4033 0003654  45.6715 314.4831 15.41637516 76753
1 52398U 22047E   23253.05550537  .00080193  00000-0  18787-2 0  9991
2 52398  97.4143 338.7299 0003435  42.4107 317.7404 15.41798349 76809
1 52399U 22047F   23252.73694277  .00047260  00000-0  13577-2 0  9996
2 52399  97.4166 337.2264 0004790  51.2389 308.9282 15.35669992 76693
1 52400U 22047G   23252.96443771  .00041371  00000-0  13344-2 0  9994
2 52400  97.4173 336.6356 0005839  53.0317 307.1458 15.32019529 76659
1 52401U 22047H   23252.78790701  .00035048  00000-0  11574-2 0  9990
2 52401  97.4162 336.2290 0005819  55.2932 304.8856 15.31298544 76613
1 52402U 22047J   23252.76811749  .00072762  00000-0  17274-2 0  9992
2 52402  97.4128 338.3062 0003961  51.4789 308.6812 15.41427745 76757
1 52403U 22047K   23252.73780425  .00064453  00000-0  16337-2 0  9993
2 52403  97.4136 337.9036 0004534  51.1227 309.0422 15.39470286 76728
1 52404U 22047L   23252.73196901  .00074998  00000-0  17538-2 0  9993
2 52404  97.4141 338.3757 0003836  48.3974 311.7601 15.41874334 76758
1 52405U 22047M   23252.48883312  .00068669  00000-0  16642-2 0  9998
2 52405  97.4137 337.9299 0004259  52.3286 307.8346 15.40820251 76706
1 52406U 22047N   23252.78097858  .00048767  00000-0  14147-2 0  9999
2 52406  97.4162 337.1272 0005381  53.2105 306.9632 15.35352969 76679
1 52407U 22047P   23252.49840414  .00037032  00000-0  11808-2 0  9996
2 52407  97.4161 336.1245 0006226  56.6661 303.5176 15.32410668 76585
1 52408U 22047Q   23252.45469348  .00039196  00000-0  12215-2 0  9992
2 52408  97.4196 336.5479 0006410  67.2255 292.9664 15.33129863 76598
1 52409U 22047R   23252.75563931  .00034855  00000-0  11358-2 0  9993
2 52409  97.4168 336.2622 0006452  57.1701 303.0161 15.31724530 76614
1 52410U 22047S   23253.03066808  .00039892  00000-0  13052-2 0  9997
2 52410  97.4172 336.5447 0005965  55.7915 304.3891 15.31567514 76653
1 52411U 22047T   23252.70649146  .00035691  00000-0  11667-2 0  9996
2 52411  97.4167 336.2002 0005943  56.5693 303.6116 15.31621912 76600
1 52412U 22047U   23252.77084500  .00036960  00000-0  11981-2 0  9990
2 52412  97.4164 336.2468 0005824  57.1563 303.0239 15.31884347 76619
1 52413U 22047V   23252.78841433  .00035511  00000-0  11645-2 0  9996
2 52413  97.4165 336.2078 0006464  56.9242 303.2620 15.31517429 76610
1 52414U 22047W   23253.02761357  .00039647  00000-0  13086-2 0  9996
2 52414  97.4160 336.3269 0006461  57.4815 302.7050 15.31283317 76648
1 52415U 22047X   23252.77010442  .00033902  00000-0  11270-2 0  9991
2 52415  97.4173 336.1332 0006067  58.8662 301.3174 15.31089969 76604
1 52416U 22047Y   23252.78827258  .00034566  00000-0  11705-2 0  9994
2 52416  97.4142 335.6707 0006989  62.0765 298.1183 15.30481450 76585
1 52417U 22047Z   23252.73014987  .00033427  00000-0  11130-2 0  9994
2 52417  97.4161 335.9766 0006521  60.3031 299.8858 15.31038668 76592
1 55087U 23001CG  23253.10908928  .00021570  00000-0  93517-3 0  9996
2 55087  97.4693 312.4425 0014775  71.6140 288.6701 15.22287442 38009
1 55089U 23001CJ  23253.10366491  .00024294  00000-0  10223-2 0  9999
2 55089  97.4682 312.5850 0014186  70.7003 289.5766 15.23283191 38016
1 55091U 23001CL  23253.06558918  .00023351  00000-0  99836-3 0  9995
2 55091  97.4687 312.4910 0014914  71.2675 289.0178 15.22743333 38009
1 55092U 23001CM  23253.09973851  .00027183  00000-0  11184-2 0  9992
2 55092  97.4679 312.7380 0016014  70.5784 289.7182 15.23995691 38022
1 55094U 23001CP  23253.09767936  .00023449  00000-0  99235-3 0  9994
2 55094  97.4687 312.5925 0014172  70.7969 289.4800 15.23099357 38013
1 55095U 23001CQ  23253.11286859  .00023607  00000-0  10038-2 0  9997
2 55095  97.4688 312.5803 0015028  70.2592 290.0264 15.22925630 38011
1 55096U 23001CR  23252.71053473  .00021208  00000-0  90045-3 0  9999
2 55096  97.4689 312.1982 0015094  71.1642 289.1230 15.22997040 37954
1 55097U 23001CS  23253.09805785  .00023853  00000-0  10099-2 0  9991
2 55097  97.4688 312.5959 0015149  70.3495 289.9375 15.23067716 38015
1 55099U 23001CU  23253.08947548  .00024367  00000-0  10279-2 0  9997
2 55099  97.4689 312.6090 0015106  70.1277 290.1586 15.23186524 38011
1 55100U 23001CV  23253.10614703  .00022465  00000-0  95633-3 0  9992
2 55100  97.4703 312.6006 0015617  70.6400 289.6523 15.22888875 38019
1 55101U 23001CW  23253.10038558  .00026346  00000-0  10911-2 0  9998
2 55101  97.4691 312.7476 0016233  70.3451 289.9536 15.23777199 38021
1 55102U 23001CX  23252.41353436  .00020958  00000-0  86403-3 0  9990
2 55102  97.4671 312.0950 0014679  74.5246 285.7611 15.24000818 37924
1 56969U 23084AP  23252.77870470  .00017367  00000-0  89622-3 0  9990
2 56969  97.5199   8.3664 0013670 263.8901  96.0775 15.16314277 13465
1 56972U 23084AS  23252.90391585  .00020807  00000-0  10657-2 0  9998
2 56972  97.5201   8.5109 0014010 263.8584  96.1053 15.16535624 13488
1 56973U 23084AT  23252.57846543  .00014073  00000-0  72813-3 0  9992
2 56973  97.5208   8.1840 0014119 266.0765  93.8854 15.16263952 13430
1 56975U 23084AV  23252.57326289  .00017286  00000-0  88820-3 0  9998
2 56975  97.5200   8.1831 0014057 264.2439  95.7192 15.16462560 13435
1 56976U 23084AW  23252.83342743  .00019068  00000-0  97659-3 0  9991
2 56976  97.5201   8.4513 0014229 263.0389  96.9225 15.16552479 13472
1 56978U 23084AY  23252.63322463  .00017497  00000-0  89560-3 0  9994
2 56978  97.5202   8.2599 0014425 263.6300  96.3290 15.16589392 13441
1 56979U 23084AZ  23252.76926238  .00017766  00000-0  91207-3 0  9999
2 56979  97.5198   8.3831 0014564 263.9592  95.9981 15.16481446 13461
1 56980U 23084BA  23252.89553558  .00019484  00000-0  99536-3 0  9998
2 56980  97.5202   8.5246 0014564 262.6938  97.2640 15.16633688 13487
1 56982U 23084BC  23253.04319871  .00020155  00000-0  10406-2 0  9991
2 56982  97.5195   8.6253 0014734 262.3642  97.5917 15.16252210 13508
1 56983U 23084BD  23252.56612365  .00018938  00000-0  96933-3 0  9998
2 56983  97.5207   8.1978 0014086 261.4746  98.4891 15.16578708 13433
1 56984U 23084BE  23252.89356713  .00019360  00000-0  98919-3 0  9993
2 56984  97.5218   8.5456 0014798 263.5154  96.4394 15.16626976 13489
1 56985U 23084BF  23252.88305814  .00021123  00000-0  10724-2 0  9996
2 56985  97.5201   8.5435 0015569 265.8053  94.1400 15.16822487 13487
